0.9328351498113996 0.044776442414430136 0.022388407774170404 
0.892988310345044 0.05166082841974714 0.055350861235208965 
0.2804878693237366 0.2560976551654612 0.4634144755108022 
0.33599999680000386 0.25600009279988867 0.4079999104001075 
0.2596900081123937 0.286821759509582 0.45348823237802444 
0.3092369768229195 0.2610442638020918 0.4297187593749887 
0.37499994959683514 0.21370982212521517 0.41129022827794964 
0.2687747801089564 0.28458503804145685 0.44664018184958676 
0.27777784391526517 0.265873096182822 0.4563490599019128 
0.2681160129173773 0.2717391973849304 0.4601447896976924 
0.2601626908585071 0.24796758377936937 0.49186972536212353 
0.29230773964491585 0.2807692914200484 0.4269229689350359 
0.874015109430973 0.06299244528451343 0.06299244528451343 
0.2909836586266492 0.2950820142434251 0.41393432712992567 
0.2758621350243659 0.2950192011273551 0.4291186638482791 
0.2720588911115172 0.27941182417813515 0.4485292847103478 
0.22348497331253037 0.2840909650481458 0.49242406163932395 
0.22891578845487334 0.2730924420572987 0.4979917694878279 
0.21951233392804806 0.2804878693237366 0.4999997967482153 
0.22761205864321796 0.29477616256399714 0.477611778792785 
0.2661597724413242 0.2889734346310632 0.44486679292761266 
0.21875013427718643 0.2851563064574534 0.4960935592653603 
0.1964287547829177 0.2678572305483519 0.5357140146687304 
0.8566031812039459 0.08679273193275631 0.056604086863297896 
0.18081197696091114 0.32472325676392244 0.49446476627516656 
0.20000016666645834 0.3291666718749935 0.47083316145854814 
0.20074364229333577 0.2936803416204369 0.5055760160862275 
0.1632655143687579 0.29795922698870164 0.5387752586425404 
0.13389146373456437 0.33054393655572817 0.5355645997097075 
0.17187518920876266 0.3164062698364026 0.5117185409548348 
0.1388891203700948 0.32142858560089016 0.539682294029015 
0.19343081011225172 0.3211678965315002 0.4854012933562482 
0.12840490847676056 0.3268482565973659 0.5447468349258737 
0.14767955989929127 0.31223631362491944 0.5400841264757893 
0.8713229360408794 0.06250029871290584 0.06617676524621481 
0.1591838867136081 0.3265306205747503 0.5142854927116416 
0.12274391038565664 0.32851986080881507 0.5487362288055284 
0.12992150009271644 0.3385826709653493 0.5314958289419344 
0.08163296126576171 0.3999999183674469 0.5183671203667913 
0.10400027519966976 0.29600004479994624 0.599999680000384 
0.10416695312464193 0.35416664062503256 0.5416664062503255 
0.09523837868446981 0.3452380810657765 0.5595235402497537 
0.10040188706599952 0.3614457492621495 0.538152363671851 
0.09803949250255783 0.3333333333333333 0.5686271741641088 
0.08235323644717281 0.3254902053056408 0.5921565582471864 
0.8892982775295821 0.04428076278882348 0.06642095968159445 
0.09022583809116005 0.3796991958279747 0.5300749660808654 
0.06302555080812923 0.3403361256267324 0.5966383235651384 
0.05857775073922501 0.3598326027205824 0.5815896465401926 
0.06250033854124348 0.3291666718749935 0.608332989583763 
0.02834045140835861 0.384615322329568 0.5870442262620733 
0.028226175532852175 0.33467741772893017 0.6370964067382177 
0.01851895576070959 0.3796295653293074 0.601851478909983 
0.02145962902193688 0.38197418629933094 0.5965661846787321 
0.00819712106911344 0.3647540597286151 0.6270488192022715 
0.00809756101510808 0.384615322329568 0.6072871166553239 
0.8489203069205322 0.08633120180086137 0.06474849127860653 
0.00757612775440028 0.38257570161852095 0.6098481706270789 
3.745314143841786E-7 0.4044943020663273 0.5955053234022584 
3.8022770316231585E-7 0.3498098671370337 0.6501897526352632 
3.831413220597831E-7 0.3371647465539312 0.6628348703047469 
4.0650356930459027E-7 0.38211376164988414 0.6178858318465466 
4.201675376039442E-7 0.33613445025069294 0.6638651295817695 
3.99999520000576E-7 0.35599997280003265 0.6439996272004473 
3.7593942563222676E-7 0.3533834360337188 0.6466161880268557 
4.132226282364113E-7 0.35537187350594196 0.6446277132714299 
3.8022770316231585E-7 0.37642580635839584 0.6235738134139011 
0.8388272833399818 0.07692335869227983 0.0842493579677385 
4.219403941682774E-7 0.36708856486679553 0.6329110131928103 
4.132226282364113E-7 0.3512396472235778 0.648759939553794 
4.048578078650107E-7 0.29149802652061557 0.7085015686215765 
4.219403941682774E-7 0.3248945254499678 0.675105052609638 
4.219403941682774E-7 0.3291139293916506 0.6708856486679553 
4.132226282364113E-7 0.3512396472235778 0.648759939553794 
4.149372428167102E-7 0.33609958161877806 0.6639000034439791 
3.8759644853126143E-7 0.3217054398773955 0.6782941725261561 
3.8022770316231585E-7 0.32699620494729476 0.6730034148250021 
3.984058983196434E-7 0.34262947096079166 0.65737013063331 
0.8490560199365813 0.09433989320012091 0.056604086863297896 
4.0650356930459027E-7 0.34146340471942516 0.6585361887770056 
3.984058983196434E-7 0.3585657068935774 0.6414338947005243 
4.3859591412818316E-7 0.3245614150507697 0.6754381463533162 
4.0160594184023074E-7 0.3012048579861149 0.6987947404079433 
3.8910460415804966E-7 0.28404675013998043 0.7159528607554155 
4.2372827492168443E-7 0.3135593471703214 0.6864402291014037 
3.745314143841786E-7 0.31086144847028263 0.689138176998303 
4.4247728874696187E-7 0.3318584090375101 0.6681411484852011 
4.149372428167102E-7 0.33609958161877806 0.6639000034439791 
3.906245422368646E-7 0.2773438156127161 0.7226557937627417 
0.8357137474495564 0.09642882525483008 0.06785742729561361 
3.787874483475966E-7 0.2840909650481458 0.7159086561644059 
3.787874483475966E-7 0.25757584366381403 0.7424237775487377 
3.9682492441477255E-7 0.2619048469386743 0.7380947562364013 
3.906245422368646E-7 0.28906255187982205 0.7109370574956358 
3.921564013846258E-7 0.26274518108410067 0.7372544267594979 
3.906245422368646E-7 0.3085937789916653 0.6914058303837926 
3.8910460415804966E-7 0.27626465805681943 0.7237349528385765 
4.273498794659665E-7 0.30341884177071565 0.6965807308794049 
3.984058983196434E-7 0.24701205536407725 0.7529875462300244 
3.952564483125119E-7 0.26086965114270616 0.7391299536008455 
0.8247417614346103 0.0824744854214927 0.09278375314389711 
3.8022770316231585E-7 0.34600759010541055 0.6539920296668864 
3.9682492441477255E-7 0.265873096182822 0.7341265069922536 
3.8910460415804966E-7 0.2918288422231414 0.7081707686722545 
3.99999520000576E-7 0.2720000735999117 0.7279995264005683 
4.048578078650107E-7 0.2550608238127646 0.7449387713294275 
4.2372827492168443E-7 0.2584746714305024 0.7415249048412227 
3.906245422368646E-7 0.23046887054429235 0.7695307388311655 
3.9682492441477255E-7 0.3134920871125947 0.6865075160624808 
4.08162765514981E-7 0.24897969512690393 0.7510198967103305 
3.860999388803797E-7 0.2393823482057743 0.7606172656942869 
0.9379555423844426 0.043795937449703524 0.018248520165853835 
0.826567719666731 0.07380102531251811 0.0996312550207509 
3.93700322401194E-7 0.2677166129331343 0.7322829933665432 
4.184095166407741E-7 0.24686203322757336 0.75313754836291 
4.132226282364113E-7 0.23553731131738267 0.7644622754599891 
3.952564483125119E-7 0.24901195769333082 0.7509876470502209 
3.7593942563222676E-7 0.23684221408772851 0.763157409972846 
3.921564013846258E-7 0.2509804890425619 0.7490191188010367 
3.860999388803797E-7 0.2277993500393629 0.7722002638606983 
3.921564013846258E-7 0.1960785928487143 0.8039210149948843 
4.0322531867905E-7 0.22983883487237716 0.7701607619023041 
4.291839967588025E-7 0.18884138775786985 0.8111581830581334 
0.8185179794244674 0.0814817613165615 0.1000002592589712 
3.921564013846258E-7 0.2235295409456381 0.7764700668979605 
3.99999520000576E-7 0.23600011679985985 0.7639994832006202 
3.8759644853126143E-7 0.22480632774458018 0.7751932846589714 
3.773580633682302E-7 0.2264152153790015 0.7735844072629352 
4.0650356930459027E-7 0.20731722684891035 0.7926823666475203 
4.0160594184023074E-7 0.22088366961806874 0.7791159287759895 
3.952564483125119E-7 0.20158118389582938 0.7984184208477223 
3.93700322401194E-7 0.21653557102097912 0.7834640352786985 
3.8461494082891446E-7 0.19230785502939807 0.8076917603556611 
3.860999388803797E-7 0.21235535248414772 0.7876442614159135 
0.8389507427519745 0.07865197155209189 0.08239728569593369 
4.0322531867905E-7 0.18145179663089117 0.8185478001437901 
3.9682492441477255E-7 0.17460336356742434 0.8253962396076513 
4.0322531867905E-7 0.21370982212521517 0.7862897746494661 
4.0160594184023074E-7 0.2008033725260572 0.799196225868001 
3.8759644853126143E-7 0.22480632774458018 0.7751932846589714 
3.8461494082891446E-7 0.18076940680453063 0.8192302085805286 
4.08162765514981E-7 0.1632655143687579 0.8367340774684765 
3.99999520000576E-7 0.20400015519981377 0.7959994448006662 
3.745314143841786E-7 0.15730356857276942 0.8426960568958163 
4.0160594184023074E-7 0.1485946000868272 0.8514049983072309 
0.848836609879911 0.0697677483320756 0.08139564178801342 
3.8461494082891446E-7 0.14615406212992835 0.8538455532551309 
3.952564483125119E-7 0.17786579699707866 0.822133807746473 
3.8759644853126143E-7 0.2054265053180171 0.7945731070855344 
4.201675376039442E-7 0.14285738295287864 0.8571421968795837 
3.952564483125119E-7 0.17391323251395355 0.8260863722295981 
3.787874483475966E-7 0.18939410296124667 0.8106055182513051 
3.984058983196434E-7 0.1474105807841664 0.8525890208099353 
3.9682492441477255E-7 0.1547621173466857 0.8452374858283899 
3.952564483125119E-7 0.15415041009832794 0.8458491946452237 
4.0322531867905E-7 0.14112926476298618 0.8588703320116952 
0.7946762798369432 0.11787096820802107 0.0874527519550358 
3.745314143841786E-7 0.14981294028508585 0.8501866851834998 
3.984058983196434E-7 0.1474105807841664 0.8525890208099353 
3.8759644853126143E-7 0.13178318009707743 0.8682164323064742 
3.906245422368646E-7 0.14453147125218216 0.8554681381232757 
3.906245422368646E-7 0.1484377166745508 0.8515618927009071 
3.921564013846258E-7 0.17254920876563676 0.8274503990779618 
3.860999388803797E-7 0.11969136715285658 0.8803082467472046 
3.8910460415804966E-7 0.15564223076782402 0.8443573801275719 
4.048578078650107E-7 0.12550632529596117 0.8744932698462309 
3.831413220597831E-7 0.12260560620045266 0.8773940106582254 
0.7819543812544573 0.07142886680954871 0.14661675193599408 
3.952564483125119E-7 0.09090937836832604 0.9090902263752256 
3.99999520000576E-7 0.11600026079968703 0.883999339200793 
3.984058983196434E-7 0.12350622688498777 0.8764933747091139 
3.7593942563222676E-7 0.16165432896128315 0.8383452950992913 
3.8461494082891446E-7 0.11153871745532602 0.8884608979297333 
4.0322531867905E-7 0.09274222652150017 0.9072573702531811 
3.93700322401194E-7 0.13385850331672838 0.8661411029829492 
3.8910460415804966E-7 0.12062281639359955 0.8793767945017964 
4.048578078650107E-7 0.08906912258811021 0.9109304725540819 
3.831413220597831E-7 0.08812288721507217 0.9118767296436059 
0.7969919582797463 0.07142886680954871 0.131579174910705 
4.048578078650107E-7 0.09311770066676033 0.9068818944754318 
3.860999388803797E-7 0.0888033720424262 0.911196241857635 
3.8910460415804966E-7 0.09727654014411657 0.9027230707512793 
4.098355616775881E-7 0.09836094463818282 0.9016386455262555 
3.831413220597831E-7 0.09195430043567 0.908045316423008 
3.8022770316231585E-7 0.10646413711315159 0.8935354826591453 
3.8910460415804966E-7 0.08949444806095558 0.9105051628344404 
3.676466533308971E-7 0.09558849751268657 0.9044111348406602 
3.731339106709956E-7 0.10820920722849937 0.89179041963759 
3.773580633682302E-7 0.09056631256643861 0.9094333100754981 
0.7838822887740418 0.11721635470730254 0.09890135651865585 
3.731339106709956E-7 0.0970151899083695 0.9029844369577199 
3.921564013846258E-7 0.07843167243332655 0.921567935410272 
3.93700322401194E-7 0.06299244528451343 0.9370071610151641 
3.952564483125119E-7 0.07509912043582556 0.9249004843077261 
3.921564013846258E-7 0.06274541637794151 0.937254191465657 
3.952564483125119E-7 0.059288862503325095 0.9407107422402265 
3.831413220597831E-7 0.07279723433268084 0.9272023825259972 
3.921564013846258E-7 0.05882385236409526 0.9411757554795034 
3.831413220597831E-7 0.06130299467088735 0.9386966221877907 
3.816789522760089E-7 0.0610690140431137 0.9389306042779341 
0.8066909219060351 0.06319732728922607 0.1301117508047389 
3.8910460415804966E-7 0.03891084952040912 0.9610887613749868 
3.8759644853126143E-7 0.04263599693488729 0.9573636154686642 
3.984058983196434E-7 0.031872870271469796 0.9681267313226318 
3.8022770316231585E-7 0.03802315054393474 0.9619764692283622 
3.8759644853126143E-7 0.0465119614201999 0.9534876509833516 
4.0650356930459027E-7 0.016260549275752913 0.9837390442206777 
3.831413220597831E-7 0.04597734178849603 0.954022275070182 
3.860999388803797E-7 0.038610379987976846 0.9613892339120843 
3.921564013846258E-7 0.043137596308710224 0.9568620115348884 
3.8022770316231585E-7 0.026616319449065267 0.9733833003232315 
0.8212922190583053 0.06844136679692 0.11026641414477474 
3.8759644853126143E-7 0.03488406796426206 0.9651155444392895 
3.8759644853126143E-7 0.038760032449574676 0.9612395799539769 
3.860999388803797E-7 0.030888381210369256 0.9691112326896919 
3.831413220597831E-7 0.022988862464909044 0.9770107543937689 
3.831413220597831E-7 0.007663209582517722 0.9923364072761602 
3.816789522760089E-7 0.01908432929275272 0.980915289028295 
3.8910460415804966E-7 0.023346665354087137 0.9766529455413088 
3.984058983196434E-7 3.984058983196434E-7 0.9999992031882033 
3.8759644853126143E-7 3.8759644853126143E-7 0.9999992248071029 
3.816789522760089E-7 0.030534697861032984 0.9694649204600149 
0.9148141687249978 0.05925956378566987 0.02592626748933242 
0.7840903968669733 0.11363661329172732 0.10227298984129943 
3.8022770316231585E-7 0.011407211322572637 0.9885924084497242 
0.7737221455596947 0.11678855826070265 0.10948929617960274 
0.7728932898608537 0.09523835688092651 0.13186835325821988 
0.7396221815597945 0.10943421573485011 0.15094360270535545 
0.7538456686396132 0.10769256804703688 0.13846176331335006 
0.7442743386171696 0.1335880149755554 0.12213764640727513 
0.6945450604962977 0.1527274697518512 0.1527274697518512 
0.7088118289519209 0.1417626723034418 0.14942549874463748 
0.6688959843853 0.16387976868250637 0.16722424693219373 
0.6771649482303761 0.15354351943678807 0.16929153233283584 
0.9021732947391724 0.0579713137992966 0.03985539146153102 
0.7297292705838565 0.0965253708200338 0.17374535859610976 
0.6970798937081456 0.13138708242290248 0.171533023868952 
0.6857139081636698 0.14285734693855687 0.17142874489777335 
0.6594978571707629 0.12544825220618044 0.21505389062305671 
0.6588231464825728 0.18431390080717552 0.15686295271025172 
0.6254976587677386 0.15936275773375572 0.2151395834985058 
0.669090542810317 0.13454567140472212 0.196363785784961 
0.6704541623626944 0.15530323260996295 0.1742426050273428 
0.6914494147404298 0.14126415472399104 0.16728643053557934 
0.6745094025379578 0.12156887658563538 0.2039217208764068 
0.9277971901113464 0.04332161373110426 0.028881196157549287 
0.675780848694318 0.14453147125218216 0.17968768005349997 
0.6111108024694788 0.17407425102861 0.21481494650191132 
0.5890408331772262 0.16438373522218985 0.246575431600584 
0.5948902245727469 0.17518265490950194 0.2299271205177513 
0.6203004282325998 0.131579174910705 0.2481203968566953 
0.599999703704033 0.15925945267468225 0.2407408436212849 
0.6199996560004127 0.17600018879977344 0.20400015519981377 
0.6230155281561173 0.16269861583498116 0.21428585600890157 
0.5596024242360025 0.17218559054411536 0.26821198521988227 
0.5603110190921957 0.210116875349951 0.22957210555785346 
0.9014592319789432 0.05839446161190335 0.04014630640915357 
0.5773582143114555 0.16226434460640235 0.2603774410821422 
0.597560653381317 0.19512211976977265 0.20731722684891035 
0.5862066058927902 0.1647511516270288 0.2490422424801811 
0.5928850677252161 0.15415041009832794 0.25296452217645593 
0.5629918547340298 0.16929153233283584 0.2677166129331343 
0.545801283433645 0.160305541634876 0.2938931749314791 
0.5492421788914634 0.18939410296124667 0.26136371814729004 
0.5167284200054796 0.2304833860780081 0.2527881939165124 
0.5322578238816646 0.20161306256484368 0.26612911355349167 
0.526530375677091 0.1551022590584583 0.3183673652644507 
0.9142850918374016 0.04642887882620126 0.03928602933639714 
0.5202949959833993 0.19188207540729663 0.28782292860930414 
0.49599980480023426 0.1800001839997792 0.32400001119998656 
0.47058807381795237 0.20784328489025308 0.3215686412917946 
0.5018313166688828 0.2051283460128066 0.2930403373183107 
0.45976996961306177 0.20306528383300712 0.3371647465539312 
0.5325668208044205 0.20306528383300712 0.26436789536257244 
0.5097274205516492 0.2062258293083705 0.28404675013998043 
0.4868912132308466 0.2134832807303962 0.2996255060387573 
0.4906365273746884 0.20224733829887084 0.30711613432644086 
0.4736840522360314 0.2030076657808281 0.32330828198314066 
0.8860288021741153 0.06617676524621481 0.04779443257966995 
0.49186972536212353 0.22357736962109395 0.2845529050167825 
0.4059039787040827 0.23616246919283856 0.35793355210307887 
0.4410645158959895 0.21292789399860004 0.34600759010541055 
0.45038154536464275 0.2404581216128379 0.3091603330225195 
0.4097743498785528 0.25187979111301756 0.33834585900842973 
0.4269229689350359 0.19230785502939807 0.38076917603556615 
0.41568617762410476 0.23137266897333061 0.3529411534025646 
0.419707934626349 0.24087601363940114 0.33941605173424994 
0.38799993440007874 0.22400013119984258 0.38799993440007874 
0.44274796631912255 0.21374059495351724 0.3435114387273603 
0.9031001126742877 0.05038792590551251 0.0465119614201999 
0.3983401680412846 0.22406652605826632 0.3775933059004491 
0.39033450892062205 0.2304833860780081 0.37918210500136995 
0.3073770810937528 0.21721325752468337 0.4754096613815639 
0.4115383713018793 0.1961540044376872 0.3923076242604336 
0.39543719151651163 0.25855521837807793 0.34600759010541055 
0.32584270504564977 0.2846442494633902 0.38951304549096016 
0.3632652694710986 0.20816341857540582 0.42857131195349557 
0.35741442120028005 0.24334611025158528 0.3992394685481348 
0.3203125152587712 0.2929687973021907 0.3867186874390382 
0.3269230843195181 0.22692319970400038 0.4461537159764816 
