0.9216411324912697 0.05597045973456 0.022388407774170404 
0.870848113452273 0.07380102531251811 0.055350861235208965 
0.29268297640287433 0.2601626908585071 0.4471543327386186 
0.316000020799975 0.2880000543999347 0.3959999248000902 
0.25193807914176847 0.2790698305389568 0.46899209031927486 
0.29317273914931025 0.2530121449652872 0.4538151158854025 
0.3911289623439972 0.20161306256484368 0.4072579750911592 
0.256917086659581 0.3122529894233327 0.43082992391708624 
0.28571434240356064 0.2619048469386743 0.4523808106577651 
0.2717391973849304 0.2681160129173773 0.4601447896976924 
0.2682927622445989 0.2520326194724153 0.47967461828298585 
0.29230773964491585 0.2730769926034701 0.4346152677516142 
0.8385820804148656 0.09055146785259702 0.07086645173253732 
0.2745902361595457 0.3073770810937528 0.4180326827467015 
0.25670506892137673 0.29118778790675726 0.4521071431718661 
0.2683824245782082 0.2830882907114441 0.4485292847103478 
0.20833347537862648 0.2840909650481458 0.5075755595732278 
0.22489972903647104 0.28112456089410337 0.4939757100694256 
0.23577247670023166 0.2845529050167825 0.47967461828298585 
0.22014938042979806 0.305970179884127 0.473880439686075 
0.2509506643148316 0.2965779886943095 0.452471346990859 
0.2070313980100805 0.3046875335692966 0.48828106842062297 
0.18750019531223844 0.2723215102836916 0.54017829440407 
0.8301881167681697 0.10566063510116781 0.0641512481306625 
0.18081197696091114 0.32472325676392244 0.49446476627516656 
0.17500019791641927 0.3333333333333333 0.4916664687502474 
0.19330870634716768 0.2862454056742688 0.5204458879785636 
0.1591838867136081 0.30204085464385144 0.5387752586425404 
0.12133917823534113 0.3221757462229127 0.5564850755417462 
0.14453147125218216 0.3125000244140339 0.5429685043337841 
0.1388891203700948 0.32142858560089016 0.539682294029015 
0.1788322859500519 0.3248175275720501 0.4963501864778981 
0.12840490847676056 0.32295721055578536 0.5486378809674541 
0.13502134807424296 0.31645571756660223 0.5485229343591548 
0.8492641368410256 0.08088263137945069 0.06985323177952378 
0.1551022590584583 0.3142857376093009 0.5306120033322408 
0.12274391038565664 0.3321299652022038 0.5451261244121397 
0.13385850331672838 0.3307086645173254 0.5354328321659463 
0.09387784423121114 0.3999999183674469 0.506122237401342 
0.09600028479965823 0.2880000543999347 0.615999660800407 
0.10000029166630207 0.3583333020833724 0.5416664062503255 
0.07936538170787892 0.3452380810657765 0.5753965372263445 
0.10040188706599952 0.3654618086805518 0.5341363042534487 
0.09411792848871157 0.3254902053056408 0.5803918662056476 
0.08627480046101905 0.3176470772779483 0.5960781222610326 
0.8487079165595021 0.06642095968159445 0.0848711237589036 
0.08270704957851552 0.3872179843406192 0.5300749660808654 
0.058823875432089785 0.33613445025069294 0.6050416743172172 
0.05439365557281727 0.3598326027205824 0.5857737417066003 
0.0541670156245638 0.32500001041665366 0.6208329739587826 
0.02834045140835861 0.3684210100149676 0.6032385385766738 
0.028226175532852175 0.33467741772893017 0.6370964067382177 
0.01851895576070959 0.3703703189301126 0.6111107253091778 
0.02145962902193688 0.3776823463317429 0.6008580246463202 
0.00819712106911344 0.3606557041118392 0.6311471748190474 
4.048578078650107E-7 0.38866390040821813 0.611335694733974 
0.8165462411371499 0.11510814916386783 0.06834560969898235 
0.00757612775440028 0.37878782713504494 0.6136360451105548 
3.745314143841786E-7 0.40074898792248553 0.5992506375461002 
3.8022770316231585E-7 0.35741442120028005 0.6425851985720169 
3.831413220597831E-7 0.3256705068921377 0.6743291099665403 
4.0650356930459027E-7 0.37398369026379236 0.6260159032326383 
4.201675376039442E-7 0.3403361256267324 0.65966345420573 
3.99999520000576E-7 0.3519999776000269 0.6479996224004531 
3.7593942563222676E-7 0.34586464752107426 0.6541349765395001 
4.132226282364113E-7 0.35950409978830605 0.6404954869890657 
3.8022770316231585E-7 0.3726235293267727 0.6273760904455242 
0.8241752847890644 0.09157535724319718 0.0842493579677385 
4.219403941682774E-7 0.36286916092511273 0.637130417134493 
4.132226282364113E-7 0.3512396472235778 0.648759939553794 
4.048578078650107E-7 0.28340087036331535 0.7165987247788768 
4.219403941682774E-7 0.3248945254499678 0.675105052609638 
4.219403941682774E-7 0.3248945254499678 0.675105052609638 
4.132226282364113E-7 0.3512396472235778 0.648759939553794 
4.149372428167102E-7 0.34024895404694516 0.659750631015812 
3.8759644853126143E-7 0.3178294753920829 0.6821701370114687 
3.8022770316231585E-7 0.32319392791567164 0.6768056918566253 
3.984058983196434E-7 0.3346613529943988 0.6653382485997028 
0.8301881167681697 0.09433989320012091 0.0754719900317094 
4.0650356930459027E-7 0.32520326194724153 0.6747963315491892 
3.984058983196434E-7 0.35059758892718457 0.6494020126669171 
4.3859591412818316E-7 0.3245614150507697 0.6754381463533162 
4.0160594184023074E-7 0.3012048579861149 0.6987947404079433 
3.8910460415804966E-7 0.28404675013998043 0.7159528607554155 
4.2372827492168443E-7 0.30932206442110455 0.6906775118506205 
3.745314143841786E-7 0.30711613432644086 0.6928834911421449 
4.4247728874696187E-7 0.3274336361500405 0.6725659213726707 
4.149372428167102E-7 0.33609958161877806 0.6639000034439791 
3.906245422368646E-7 0.2656250793456102 0.7343745300298476 
0.8107137742352419 0.1035716747446342 0.08571455102012392 
3.787874483475966E-7 0.2840909650481458 0.7159086561644059 
3.787874483475966E-7 0.26136371814729004 0.7386359030652617 
3.9682492441477255E-7 0.2500000992062311 0.7499995039688445 
3.906245422368646E-7 0.2851563064574534 0.7148433029180045 
3.921564013846258E-7 0.26666674509794697 0.7333328627456517 
3.906245422368646E-7 0.3085937789916653 0.6914058303837926 
3.8910460415804966E-7 0.28404675013998043 0.7159528607554155 
4.273498794659665E-7 0.29487184418139634 0.7051277284687242 
3.984058983196434E-7 0.2390439373976844 0.7609556641964172 
3.952564483125119E-7 0.24505939321020567 0.754940211533346 
0.8041232259898015 0.10996586601457113 0.0859109079956275 
3.8022770316231585E-7 0.3307984819789179 0.669201137793379 
3.9682492441477255E-7 0.265873096182822 0.7341265069922536 
3.8910460415804966E-7 0.2879377961815609 0.712061814713835 
3.99999520000576E-7 0.284000059199929 0.7159995408005511 
4.048578078650107E-7 0.2510122457341145 0.7489873494080777 
4.2372827492168443E-7 0.26271195417971926 0.7372876220920058 
3.906245422368646E-7 0.23046887054429235 0.7695307388311655 
3.9682492441477255E-7 0.3134920871125947 0.6865075160624808 
4.08162765514981E-7 0.24489806747175413 0.7551015243654804 
3.860999388803797E-7 0.2316603494281667 0.7683392644718945 
0.9160577561411429 0.0620440926524533 0.021898151206403788 
0.8044275227739601 0.09594122220528908 0.0996312550207509 
3.93700322401194E-7 0.2637796097091224 0.7362199965905551 
4.184095166407741E-7 0.2510461283939811 0.7489534531965022 
4.132226282364113E-7 0.22727285875265443 0.7727267280247173 
3.952564483125119E-7 0.24505939321020567 0.754940211533346 
3.7593942563222676E-7 0.22932342557508398 0.7706761984854905 
3.921564013846258E-7 0.2509804890425619 0.7490191188010367 
3.860999388803797E-7 0.2393823482057743 0.7606172656942869 
3.921564013846258E-7 0.1882354648210218 0.8117641430225768 
4.0322531867905E-7 0.23387108805916768 0.7661285087155136 
4.291839967588025E-7 0.18884138775786985 0.8111581830581334 
0.8037031810705396 0.11111135802441702 0.08518546090504345 
3.921564013846258E-7 0.2235295409456381 0.7764700668979605 
3.99999520000576E-7 0.23600011679985985 0.7639994832006202 
3.8759644853126143E-7 0.22480632774458018 0.7751932846589714 
3.773580633682302E-7 0.2264152153790015 0.7735844072629352 
4.0650356930459027E-7 0.20731722684891035 0.7926823666475203 
4.0160594184023074E-7 0.21686761019966644 0.7831319881943917 
3.952564483125119E-7 0.20158118389582938 0.7984184208477223 
3.93700322401194E-7 0.21653557102097912 0.7834640352786985 
3.8461494082891446E-7 0.19230785502939807 0.8076917603556611 
3.860999388803797E-7 0.20849435309534392 0.7915052608047173 
0.8052429154573985 0.08988791398361726 0.1048691705589844 
4.0322531867905E-7 0.18145179663089117 0.8185478001437901 
3.9682492441477255E-7 0.17460336356742434 0.8253962396076513 
4.0322531867905E-7 0.21774207531200568 0.7822575214626757 
4.0160594184023074E-7 0.2048194319444595 0.7951801664495987 
3.8759644853126143E-7 0.22480632774458018 0.7751932846589714 
3.8461494082891446E-7 0.17692325739624148 0.8230763579888177 
4.08162765514981E-7 0.1591838867136081 0.8408157051236264 
3.99999520000576E-7 0.200000159999808 0.799999440000672 
3.745314143841786E-7 0.15730356857276942 0.8426960568958163 
4.0160594184023074E-7 0.1405624812500226 0.8594371171440356 
0.8255808229680354 0.08914757075863866 0.08527160627332604 
3.8461494082891446E-7 0.1500002115382175 0.8499994038468418 
3.952564483125119E-7 0.18181836148020378 0.8181812432633478 
3.8759644853126143E-7 0.2015505408327045 0.7984490715708471 
4.201675376039442E-7 0.14285738295287864 0.8571421968795837 
3.952564483125119E-7 0.17786579699707866 0.822133807746473 
3.787874483475966E-7 0.1856062284777707 0.8143933927347811 
3.984058983196434E-7 0.1474105807841664 0.8525890208099353 
3.9682492441477255E-7 0.14682561885839027 0.8531739843166853 
3.952564483125119E-7 0.14624528113207771 0.853754323611474 
4.0322531867905E-7 0.14112926476298618 0.8588703320116952 
0.7718626176472043 0.11787096820802107 0.11026641414477474 
3.745314143841786E-7 0.15355825442892762 0.8464413710396581 
3.984058983196434E-7 0.15537869875055926 0.8446209028435424 
3.8759644853126143E-7 0.12790721561176482 0.8720923967917867 
3.906245422368646E-7 0.14453147125218216 0.8554681381232757 
3.906245422368646E-7 0.1484377166745508 0.8515618927009071 
3.921564013846258E-7 0.17254920876563676 0.8274503990779618 
3.860999388803797E-7 0.111969368375249 0.8880302455248122 
3.8910460415804966E-7 0.15175118472624352 0.8482484261691524 
4.048578078650107E-7 0.11740916913866097 0.8825904260035311 
3.831413220597831E-7 0.11877419297985482 0.8812254238788232 
0.7706761984854905 0.07518826106587098 0.1541355404486386 
3.952564483125119E-7 0.09090937836832604 0.9090902263752256 
3.99999520000576E-7 0.11200026559968128 0.8879993344007987 
3.984058983196434E-7 0.12749028586818423 0.8725093157259174 
3.7593942563222676E-7 0.16541372321760542 0.834585900842969 
3.8461494082891446E-7 0.10384641863874773 0.8961531967463116 
4.0322531867905E-7 0.09274222652150017 0.9072573702531811 
3.93700322401194E-7 0.12992150009271644 0.8700781062069611 
3.8910460415804966E-7 0.12062281639359955 0.8793767945017964 
4.048578078650107E-7 0.08906912258811021 0.9109304725540819 
3.831413220597831E-7 0.08429147399447434 0.9157081428642037 
0.7819543812544573 0.08270704957851552 0.13533856916702727 
4.048578078650107E-7 0.09716627874541042 0.9028333163967817 
3.860999388803797E-7 0.08494237265362241 0.9150572412464388 
3.8910460415804966E-7 0.10116758618569707 0.8988320247096988 
4.098355616775881E-7 0.09836094463818282 0.9016386455262555 
3.831413220597831E-7 0.09195430043567 0.908045316423008 
3.8022770316231585E-7 0.09885958304990528 0.9011400367223916 
3.8910460415804966E-7 0.08949444806095558 0.9105051628344404 
3.676466533308971E-7 0.09926496404599554 0.9007346683073512 
3.731339106709956E-7 0.10820920722849937 0.89179041963759 
3.773580633682302E-7 0.09433989320012091 0.9056597294418158 
0.754578291672207 0.12087935434503187 0.12454235398276121 
3.731339106709956E-7 0.0970151899083695 0.9029844369577199 
3.921564013846258E-7 0.07451010841948029 0.9254894994241183 
3.93700322401194E-7 0.06299244528451343 0.9370071610151641 
3.952564483125119E-7 0.07509912043582556 0.9249004843077261 
3.921564013846258E-7 0.06274541637794151 0.937254191465657 
3.952564483125119E-7 0.059288862503325095 0.9407107422402265 
3.831413220597831E-7 0.07279723433268084 0.9272023825259972 
3.921564013846258E-7 0.054902288350249 0.9450973194933496 
3.831413220597831E-7 0.06130299467088735 0.9386966221877907 
3.816789522760089E-7 0.0610690140431137 0.9389306042779341 
0.799255985959867 0.0817846671546463 0.11895934688548676 
3.8910460415804966E-7 0.03891084952040912 0.9610887613749868 
3.8759644853126143E-7 0.04263599693488729 0.9573636154686642 
3.984058983196434E-7 0.03585692925466623 0.9641426723394354 
3.8022770316231585E-7 0.03802315054393474 0.9619764692283622 
3.8759644853126143E-7 0.04263599693488729 0.9573636154686642 
4.0650356930459027E-7 0.012195513582707013 0.9878040799137237 
3.831413220597831E-7 0.04597734178849603 0.954022275070182 
3.860999388803797E-7 0.038610379987976846 0.9613892339120843 
3.921564013846258E-7 0.04705916032255648 0.9529404475210421 
3.8022770316231585E-7 0.026616319449065267 0.9733833003232315 
0.7984785568685664 0.07984819789178949 0.12167324523964423 
3.8759644853126143E-7 0.03488406796426206 0.9651155444392895 
3.8759644853126143E-7 0.038760032449574676 0.9612395799539769 
3.860999388803797E-7 0.030888381210369256 0.9691112326896919 
3.831413220597831E-7 0.026820275685506875 0.9731793411731712 
3.831413220597831E-7 0.007663209582517722 0.9923364072761602 
3.816789522760089E-7 0.01908432929275272 0.980915289028295 
3.8910460415804966E-7 0.023346665354087137 0.9766529455413088 
3.984058983196434E-7 3.984058983196434E-7 0.9999992031882033 
3.8759644853126143E-7 0.0038763520817611456 0.9961232603217903 
3.816789522760089E-7 0.030534697861032984 0.9694649204600149 
0.8962956707825881 0.07037066255111568 0.0333336666662963 
0.7575752754826416 0.13257598570910717 0.10984873880825136 
3.8022770316231585E-7 0.011407211322572637 0.9885924084497242 
0.7408754661947451 0.13503671346345245 0.12408782034180256 
0.743589292759019 0.11721635470730254 0.13919435253367857 
0.7245278590250653 0.12075495763589704 0.15471718333903775 
0.7307687721898783 0.12692331508848262 0.1423079127216392 
0.721373601480609 0.14885517306659574 0.1297712254527953 
0.7054541395045751 0.16000018909070282 0.13454567140472212 
0.7088118289519209 0.13409984586224616 0.15708832518583316 
0.6655515061356126 0.1705687251818811 0.16387976868250637 
0.6614169353343283 0.16929153233283584 0.16929153233283584 
0.8768110034663007 0.07246405166950906 0.050724944864190366 
0.7065632742510337 0.1081083689864452 0.18532835676252116 
0.6715324764242959 0.1459856065851023 0.18248191699060187 
0.6749996339289637 0.150000196428361 0.1750001696426754 
0.6774189848541382 0.1290324777428555 0.1935485374030064 
0.6392153264133414 0.19215702883486804 0.16862764475179048 
0.6095614228349527 0.17928305264973787 0.21115552451530936 
0.6472723847937621 0.14545475041299957 0.20727286479323842 
0.6628784133957424 0.1628789815769149 0.1742426050273428 
0.6691446069019255 0.15241655864324316 0.1784388344548315 
0.6431368904271877 0.14117669665486668 0.2156864129179456 
0.8953062505708478 0.06859234448482547 0.03610140494432678 
0.6484371307377375 0.16015645294165673 0.1914064163206059 
0.5925923045270691 0.17777795061709192 0.2296297448558391 
0.578766871129927 0.1678083892379563 0.25342473963211687 
0.587590962491647 0.18248191699060187 0.2299271205177513 
0.6052628512073107 0.1428573576796718 0.25187979111301756 
0.5518516090537677 0.1925927489710197 0.25555564197521263 
0.599999680000384 0.19600016479980226 0.20400015519981377 
0.626983777400265 0.16666686507912887 0.20634935752060612 
0.5298011293366265 0.18874186548821312 0.2814570051751604 
0.5486378809674541 0.210116875349951 0.24124524368259495 
0.8759118146950935 0.08394187889575304 0.04014630640915357 
0.5811317949451379 0.16981150587376695 0.2490566991810953 
0.5934956176882711 0.19918715546281854 0.20731722684891035 
0.5593867133486053 0.19157104417121362 0.2490422424801811 
0.5494068584108398 0.17786579699707866 0.27272734459208153 
0.5314958289419344 0.18897654845289552 0.27952762260517017 
0.5419844939108849 0.1641223311576361 0.2938931749314791 
0.5303028064740836 0.20833347537862648 0.26136371814729004 
0.4869886762208072 0.2379183220241762 0.27509300175501666 
0.5201610643212932 0.20564531575163417 0.2741936199270727 
0.5183671203667913 0.17142876967905754 0.3102041099541511 
0.8642851454087729 0.0785717015303198 0.05714315306090744 
0.5202949959833993 0.2029521738536821 0.2767528301629187 
0.46799983840019393 0.21600014079983104 0.316000020799975 
0.4627449457902599 0.2039217208764068 0.3333333333333333 
0.48351631848023613 0.2124543452882653 0.3040293362314987 
0.44061290351007265 0.20306528383300712 0.35632181265692037 
0.5287354075838228 0.21839093671539844 0.2528736557007789 
0.4941632363853272 0.210116875349951 0.2957198882647219 
0.47565527079932124 0.20599265244271264 0.31835207675796623 
0.46441932836779587 0.20973796658655441 0.32584270504564977 
0.47744344649235365 0.21052645429347264 0.31203009921417385 
0.8529406033743346 0.08088263137945069 0.06617676524621481 
0.47967461828298585 0.22764240531413987 0.29268297640287433 
0.4095940115195445 0.24723256763922405 0.3431734208412316 
0.4182508537062506 0.2243347250934695 0.35741442120028005 
0.4236640187053221 0.24809170065835806 0.32824428063631994 
0.4022555613659083 0.25187979111301756 0.34586464752107426 
0.43076911834332504 0.18846170562110892 0.38076917603556615 
0.41568617762410476 0.21960797693179185 0.3647058454441034 
0.42335756566689897 0.23357675155830124 0.34306568277479993 
0.39199992960008445 0.23600011679985985 0.37199995360005567 
0.4389311767963625 0.21755738447627734 0.3435114387273603 
0.879844325762412 0.05426389039082513 0.06589178384676297 
0.373443933472282 0.24066401577093474 0.3858920507567833 
0.37918210500136995 0.23420085405109217 0.386617040947538 
0.31147543671052863 0.2131149019079075 0.4754096613815639 
0.3846153254438553 0.1961540044376872 0.4192306701184576 
0.3840303604216421 0.2699620494729474 0.34600759010541055 
0.31460676261412446 0.2958801918949155 0.38951304549096016 
0.37959178009169786 0.20408179092025602 0.4163264289880461 
0.34600759010541055 0.23954383321996214 0.4144485766746274 
0.32421876068113986 0.3085937789916653 0.36718746032719496 
0.3076923372780724 0.22692319970400038 0.46538446301792735 
