0.9291038107046896 0.04850778152114009 0.022388407774170404 
0.9003683759759676 0.05166082841974714 0.04797079560428531 
0.3008130477889661 0.2601626908585071 0.4390242613525268 
0.3320000015999981 0.2680000783999059 0.399999920000096 
0.25193807914176847 0.2790698305389568 0.46899209031927486 
0.3172690956597241 0.26907638263889644 0.41365452170137945 
0.37903220278362565 0.22177432849879616 0.39919346871757816 
0.28458503804145685 0.2964427314908322 0.4189722304677109 
0.265873096182822 0.26984134542696975 0.46428555839020824 
0.2717391973849304 0.2789855663200366 0.4492752362950331 
0.2764228336306907 0.23983751239327758 0.48373965397603175 
0.3076923372780724 0.28461544082833756 0.40769222189359017 
0.8858261191030089 0.0590554420605015 0.05511843883648956 
0.3032787254769769 0.2950820142434251 0.401639260279598 
0.2720307218037681 0.2988506143479529 0.4291186638482791 
0.2610294915115903 0.2830882907114441 0.45588221777696575 
0.20833347537862648 0.2878788395316218 0.5037876850897518 
0.22891578845487334 0.289156679730908 0.4819275318142187 
0.21138226254195625 0.2845529050167825 0.5040648324412612 
0.2164180413230881 0.305970179884127 0.477611778792785 
0.24714838728320845 0.29277571166268634 0.4600759010541053 
0.21875013427718643 0.28906255187982205 0.49218731384299164 
0.1830359155768988 0.2723215102836916 0.5446425741394096 
0.8679239231049928 0.0754719900317094 0.056604086863297896 
0.16974187851452566 0.3321033223948461 0.4981547990906284 
0.19166684374977866 0.32500001041665366 0.4833331458335677 
0.2044611102664198 0.2936803416204369 0.5018585481131435 
0.18367365264450697 0.29387759933355184 0.5224487480219412 
0.13389146373456437 0.3221757462229127 0.5439327900425229 
0.16015645294165673 0.3085937789916653 0.5312497680666781 
0.1547621173466857 0.3134920871125947 0.5317457955407195 
0.18978117907170178 0.3211678965315002 0.48905092439679815 
0.12451386243518006 0.33073930263894635 0.5447468349258737 
0.14767955989929127 0.31223631362491944 0.5400841264757893 
0.8786758691074974 0.051470899112978925 0.06985323177952378 
0.1510206314033085 0.3265306205747503 0.5224487480219412 
0.12274391038565664 0.33574006959559255 0.5415160200187509 
0.14173250976475224 0.3385826709653493 0.5196848192698985 
0.08979621657606134 0.4040815460225967 0.506122237401342 
0.10400027519966976 0.3040000351999578 0.5919996896003724 
0.10833361458298177 0.3583333020833724 0.5333330833336458 
0.08333363095202664 0.35317457955407194 0.5634917894939014 
0.10441794648440182 0.3574296898437472 0.538152363671851 
0.10980418454409661 0.3254902053056408 0.5647056101502625 
0.08627480046101905 0.3215686412917946 0.5921565582471864 
0.8819182118986585 0.04797079560428531 0.07011099249705628 
0.09774462660380459 0.38345859008429695 0.5187967833118986 
0.06722722618416867 0.3403361256267324 0.5924366481890989 
0.05439365557281727 0.3598326027205824 0.5857737417066003 
0.05833367708290364 0.3333333333333333 0.608332989583763 
0.02834045140835861 0.38866390040821813 0.5829956481834232 
0.028226175532852175 0.34677417728930165 0.6249996471778462 
0.01851895576070959 0.38425918852890484 0.5972218557103856 
0.02145962902193688 0.38626602626691897 0.5922743447111442 
0.004098765452337559 0.3606557041118392 0.6352455304358232 
0.00809756101510808 0.384615322329568 0.6072871166553239 
0.8417260700797805 0.08633120180086137 0.07194272811935815 
0.011364002237876246 0.3863635761019969 0.602272421660127 
3.745314143841786E-7 0.4044943020663273 0.5955053234022584 
3.8022770316231585E-7 0.35741442120028005 0.6425851985720169 
3.831413220597831E-7 0.3371647465539312 0.6628348703047469 
4.0650356930459027E-7 0.37804872595683825 0.6219508675395924 
4.201675376039442E-7 0.33613445025069294 0.6638651295817695 
3.99999520000576E-7 0.3639999632000442 0.6359996368004358 
3.7593942563222676E-7 0.35714283029004107 0.6428567937705334 
4.132226282364113E-7 0.35537187350594196 0.6446277132714299 
3.8022770316231585E-7 0.3840303604216421 0.6159692593506548 
0.8461532826154404 0.08058635833000917 0.0732603590545505 
4.219403941682774E-7 0.36708856486679553 0.6329110131928103 
4.132226282364113E-7 0.35537187350594196 0.6446277132714299 
4.048578078650107E-7 0.29149802652061557 0.7085015686215765 
4.219403941682774E-7 0.3248945254499678 0.675105052609638 
4.219403941682774E-7 0.3248945254499678 0.675105052609638 
4.132226282364113E-7 0.35537187350594196 0.6446277132714299 
4.149372428167102E-7 0.34439832647511226 0.655601258587645 
3.8759644853126143E-7 0.33333333333333337 0.6666662790702182 
3.8022770316231585E-7 0.3307984819789179 0.669201137793379 
3.984058983196434E-7 0.35059758892718457 0.6494020126669171 
0.8603767618376282 0.08679273193275631 0.05283050622961559 
4.0650356930459027E-7 0.33739836902637926 0.6626012244700514 
3.984058983196434E-7 0.3585657068935774 0.6414338947005243 
4.3859591412818316E-7 0.3377192924746152 0.6622802689294707 
4.0160594184023074E-7 0.3052209174045172 0.694778680989541 
3.8910460415804966E-7 0.2879377961815609 0.712061814713835 
4.2372827492168443E-7 0.3177966299195382 0.6822029463521868 
3.745314143841786E-7 0.31460676261412446 0.6853928628544613 
4.4247728874696187E-7 0.33628318192497975 0.6637163755977314 
4.149372428167102E-7 0.33609958161877806 0.6639000034439791 
3.906245422368646E-7 0.2773438156127161 0.7226557937627417 
0.8464280216842626 0.08928597576502598 0.06428600255071155 
3.787874483475966E-7 0.28030309056466984 0.7196965306478819 
3.787874483475966E-7 0.26893946711424194 0.7310601540983098 
3.9682492441477255E-7 0.2619048469386743 0.7380947562364013 
3.906245422368646E-7 0.29687504272455933 0.7031245666508985 
3.921564013846258E-7 0.27450987312563946 0.7254897347179592 
3.906245422368646E-7 0.3085937789916653 0.6914058303837926 
3.8910460415804966E-7 0.28404675013998043 0.7159528607554155 
4.273498794659665E-7 0.30341884177071565 0.6965807308794049 
3.984058983196434E-7 0.24701205536407725 0.7529875462300244 
3.952564483125119E-7 0.256917086659581 0.7430825180839706 
0.8350510291570147 0.0824744854214927 0.0824744854214927 
3.8022770316231585E-7 0.34600759010541055 0.6539920296668864 
3.9682492441477255E-7 0.2738095946711175 0.7261900085039581 
3.8910460415804966E-7 0.2918288422231414 0.7081707686722545 
3.99999520000576E-7 0.2800000639999232 0.7199995360005568 
4.048578078650107E-7 0.25910940189141474 0.7408901932507774 
4.2372827492168443E-7 0.26271195417971926 0.7372876220920058 
3.906245422368646E-7 0.23046887054429235 0.7695307388311655 
3.9682492441477255E-7 0.3174603363567424 0.6825392668183331 
4.08162765514981E-7 0.24897969512690393 0.7510198967103305 
3.860999388803797E-7 0.2432433475945781 0.7567562663054831 
0.9379555423844426 0.043795937449703524 0.018248520165853835 
0.8376378181131166 0.07011099249705628 0.09225118938982725 
3.93700322401194E-7 0.25984260648511043 0.7401569998145672 
4.184095166407741E-7 0.24686203322757336 0.75313754836291 
4.132226282364113E-7 0.23966953759974677 0.7603300491776249 
3.952564483125119E-7 0.24901195769333082 0.7509876470502209 
3.7593942563222676E-7 0.24436100260037302 0.7556386214602014 
3.921564013846258E-7 0.2549020530564082 0.7450975547871904 
3.860999388803797E-7 0.2355213488169705 0.7644782650830907 
3.921564013846258E-7 0.19215702883486804 0.8078425790087306 
4.0322531867905E-7 0.22580658168558668 0.7741930150890947 
4.291839967588025E-7 0.18884138775786985 0.8111581830581334 
0.8333327777783951 0.0814817613165615 0.08518546090504345 
3.921564013846258E-7 0.2235295409456381 0.7764700668979605 
3.99999520000576E-7 0.2400001119998656 0.7599994880006143 
3.8759644853126143E-7 0.22093036325926757 0.779069249144284 
3.773580633682302E-7 0.22264163474531917 0.7773579878966176 
4.0650356930459027E-7 0.20731722684891035 0.7926823666475203 
4.0160594184023074E-7 0.22088366961806874 0.7791159287759895 
3.952564483125119E-7 0.20158118389582938 0.7984184208477223 
3.93700322401194E-7 0.21259856779696717 0.7874010385027104 
3.8461494082891446E-7 0.18846170562110892 0.8115379097639503 
3.860999388803797E-7 0.20463335370654012 0.7953662601935211 
0.8464413710396581 0.0749066574082501 0.07865197155209189 
4.0322531867905E-7 0.18145179663089117 0.8185478001437901 
3.9682492441477255E-7 0.17857161281157205 0.8214279903635036 
4.0322531867905E-7 0.20967756893842468 0.7903220278362566 
4.0160594184023074E-7 0.2008033725260572 0.799196225868001 
3.8759644853126143E-7 0.22480632774458018 0.7751932846589714 
3.8461494082891446E-7 0.18461555621281978 0.8153840591722394 
4.08162765514981E-7 0.1632655143687579 0.8367340774684765 
3.99999520000576E-7 0.20800015039981953 0.7919994496006605 
3.745314143841786E-7 0.1610488827166112 0.8389507427519745 
4.0160594184023074E-7 0.15662671892363184 0.8433728794704263 
0.8372087164239732 0.07751967730270082 0.08527160627332604 
3.8461494082891446E-7 0.14615406212992835 0.8538455532551309 
3.952564483125119E-7 0.17786579699707866 0.822133807746473 
3.8759644853126143E-7 0.2015505408327045 0.7984490715708471 
4.201675376039442E-7 0.1386557075768392 0.8613438722556231 
3.952564483125119E-7 0.17786579699707866 0.822133807746473 
3.787874483475966E-7 0.1969698519281986 0.8030297692843531 
3.984058983196434E-7 0.1474105807841664 0.8525890208099353 
3.9682492441477255E-7 0.1547621173466857 0.8452374858283899 
3.952564483125119E-7 0.15415041009832794 0.8458491946452237 
4.0322531867905E-7 0.1451615179497767 0.8548380788249046 
0.7832694487420737 0.11406869117639791 0.10266186008152843 
3.745314143841786E-7 0.15355825442892762 0.8464413710396581 
3.984058983196434E-7 0.15139463976736284 0.8486049618267388 
3.8759644853126143E-7 0.13565914458239003 0.8643404678211615 
3.906245422368646E-7 0.14453147125218216 0.8554681381232757 
3.906245422368646E-7 0.14453147125218216 0.8554681381232757 
3.921564013846258E-7 0.176470772779483 0.8235288350641156 
3.860999388803797E-7 0.1235523665416604 0.8764472473584008 
3.8910460415804966E-7 0.15564223076782402 0.8443573801275719 
4.048578078650107E-7 0.12955490337461129 0.8704446917675809 
3.831413220597831E-7 0.12643701942105048 0.8735625974376275 
0.7894731697671018 0.07142886680954871 0.13909796342334954 
3.952564483125119E-7 0.09090937836832604 0.9090902263752256 
3.99999520000576E-7 0.11600026079968703 0.883999339200793 
3.984058983196434E-7 0.12350622688498777 0.8764933747091139 
3.7593942563222676E-7 0.16541372321760542 0.834585900842969 
3.8461494082891446E-7 0.10384641863874773 0.8961531967463116 
4.0322531867905E-7 0.10080673289508117 0.8991928638796001 
3.93700322401194E-7 0.12992150009271644 0.8700781062069611 
3.8910460415804966E-7 0.12062281639359955 0.8793767945017964 
4.048578078650107E-7 0.08906912258811021 0.9109304725540819 
3.831413220597831E-7 0.08429147399447434 0.9157081428642037 
0.7969919582797463 0.08270704957851552 0.1203009921417382 
4.048578078650107E-7 0.09311770066676033 0.9068818944754318 
3.860999388803797E-7 0.0888033720424262 0.911196241857635 
3.8910460415804966E-7 0.10116758618569707 0.8988320247096988 
4.098355616775881E-7 0.09836094463818282 0.9016386455262555 
3.831413220597831E-7 0.09578571365626784 0.9042139032024102 
3.8022770316231585E-7 0.09885958304990528 0.9011400367223916 
3.8910460415804966E-7 0.08949444806095558 0.9105051628344404 
3.676466533308971E-7 0.10294143057930451 0.8970582017740423 
3.731339106709956E-7 0.10447786812178943 0.8955217587443 
3.773580633682302E-7 0.09056631256643861 0.9094333100754981 
0.7838822887740418 0.11355335506957319 0.10256435615638518 
3.731339106709956E-7 0.0895525116949496 0.9104471151711399 
3.921564013846258E-7 0.07058854440563403 0.9294110634379645 
3.93700322401194E-7 0.06692944850852538 0.9330701577911522 
3.952564483125119E-7 0.07114655595270045 0.9288530487908512 
3.921564013846258E-7 0.06274541637794151 0.937254191465657 
3.952564483125119E-7 0.059288862503325095 0.9407107422402265 
3.831413220597831E-7 0.06896582111208302 0.9310337957465951 
3.921564013846258E-7 0.05882385236409526 0.9411757554795034 
3.831413220597831E-7 0.06130299467088735 0.9386966221877907 
3.816789522760089E-7 0.057252224520353605 0.9427473938006942 
0.8178433258252873 0.06691479526231012 0.1152418789124027 
3.8910460415804966E-7 0.03891084952040912 0.9610887613749868 
3.8759644853126143E-7 0.04263599693488729 0.9573636154686642 
3.984058983196434E-7 0.023904752305076923 0.9760948492890247 
3.8022770316231585E-7 0.03802315054393474 0.9619764692283622 
3.8759644853126143E-7 0.0465119614201999 0.9534876509833516 
4.0650356930459027E-7 0.016260549275752913 0.9837390442206777 
3.831413220597831E-7 0.04597734178849603 0.954022275070182 
3.860999388803797E-7 0.038610379987976846 0.9613892339120843 
3.921564013846258E-7 0.04705916032255648 0.9529404475210421 
3.8022770316231585E-7 0.026616319449065267 0.9733833003232315 
0.8174899420266821 0.06844136679692 0.11406869117639791 
3.8759644853126143E-7 0.03488406796426206 0.9651155444392895 
3.8759644853126143E-7 0.038760032449574676 0.9612395799539769 
3.860999388803797E-7 0.030888381210369256 0.9691112326896919 
3.831413220597831E-7 0.026820275685506875 0.9731793411731712 
3.831413220597831E-7 0.007663209582517722 0.9923364072761602 
3.816789522760089E-7 0.01908432929275272 0.980915289028295 
3.8910460415804966E-7 0.01945561931250664 0.9805439915828893 
3.984058983196434E-7 3.984058983196434E-7 0.9999992031882033 
3.8759644853126143E-7 3.8759644853126143E-7 0.9999992248071029 
3.816789522760089E-7 0.030534697861032984 0.9694649204600149 
0.9111104691365158 0.05925956378566987 0.02962996707781436 
0.7803025223834974 0.1174244877752033 0.10227298984129943 
3.8022770316231585E-7 0.00760493429094948 0.9923946854813473 
0.7664228834785948 0.12043818930125261 0.11313892722015269 
0.7728932898608537 0.09523835688092651 0.13186835325821988 
0.7396221815597945 0.11320779636853243 0.14717002207167315 
0.7576918180479023 0.11153871745532602 0.13076946449677176 
0.7557247071854498 0.12595443593003522 0.11832085688451502 
0.7127268588434268 0.14545475041299957 0.14181839074357375 
0.7279688950549099 0.13409984586224616 0.13793125908284398 
0.6688959843853 0.16387976868250637 0.16722424693219373 
0.6692909417823523 0.16141752588481195 0.16929153233283584 
0.9057964792067256 0.0579713137992966 0.03623220699397791 
0.7220072718062489 0.1003863702088376 0.17760635798491356 
0.6970798937081456 0.12408782034180256 0.1788322859500519 
0.6999996071432781 0.13928592219365482 0.16071447066306718 
0.6953401125375135 0.11469557559615529 0.18996431186633136 
0.6745094025379578 0.16862764475179048 0.15686295271025172 
0.6175295408013457 0.15936275773375572 0.22310770146489864 
0.669090542810317 0.1309093117352963 0.2000001454543868 
0.6742420368461703 0.14772748364301103 0.17803047951081877 
0.6802970108211776 0.12639428283165485 0.19330870634716768 
0.6862740945794965 0.12156887658563538 0.19215702883486804 
0.9314072945047351 0.04332161373110426 0.025271091764160546 
0.664062112427212 0.14453147125218216 0.1914064163206059 
0.6296293004118885 0.1555557530862003 0.21481494650191132 
0.5993147952245255 0.14726046514335775 0.25342473963211687 
0.5839413314510971 0.171533023868952 0.2445256446799511 
0.6165410339762776 0.12781978065438274 0.2556391853693398 
0.5925923045270691 0.17037055144012805 0.23703714403280296 
0.6319996416004301 0.17200019359976768 0.19600016479980226 
0.6230155281561173 0.17460336356742434 0.20238110827645842 
0.5695361892024611 0.17218559054411536 0.2582782202534236 
0.5603110190921957 0.2062258293083705 0.23346315159943395 
0.8978096009383932 0.0620440926524533 0.04014630640915357 
0.5811317949451379 0.16226434460640235 0.2566038604484599 
0.6056907247674088 0.18699204838368083 0.20731722684891035 
0.5938694323339859 0.1647511516270288 0.24137941603898544 
0.5968376322083413 0.15415041009832794 0.24901195769333082 
0.5590548515100179 0.1850395452288836 0.2559056032610985 
0.5496180729564051 0.1641223311576361 0.28625959588595895 
0.5340906809575595 0.19318197744472262 0.2727273415977179 
0.5167284200054796 0.22676591810492408 0.25650566188959645 
0.5241933175080836 0.19354855619126268 0.28225812630065367 
0.5346936309873906 0.1551022590584583 0.3102041099541511 
0.9035708176026955 0.04642887882620126 0.05000030357110332 
0.5387451600607085 0.18450200977637296 0.2767528301629187 
0.5079997904002516 0.17200019359976768 0.3200000159999808 
0.45490181776256733 0.21960797693179185 0.3254902053056408 
0.4945053173934242 0.20146534637507726 0.3040293362314987 
0.46743279605425747 0.20689669705360494 0.3256705068921377 
0.5363982340250184 0.19540245739181145 0.26819930858317026 
0.49027219034374675 0.2140079213915315 0.2957198882647219 
0.49438184151853015 0.20224733829887084 0.3033708201825991 
0.479400584943163 0.20599265244271264 0.31460676261412446 
0.49248102351764267 0.19548887726818356 0.31203009921417385 
0.8970582017740423 0.058823832179596865 0.04411796604636098 
0.4959347610551694 0.21544729823500217 0.2886179407098284 
0.4354242412277773 0.23247243637737675 0.3321033223948461 
0.46387817808572845 0.21292789399860004 0.32319392791567164 
0.44274796631912255 0.24427491113559796 0.31297712254527954 
0.4022555613659083 0.2556391853693398 0.342105253264752 
0.43846141715990333 0.18461555621281978 0.376923026627277 
0.4117646136102585 0.2352942329871769 0.3529411534025646 
0.42335756566689897 0.24087601363940114 0.3357664206937 
0.4199998960001248 0.21600014079983104 0.3639999632000442 
0.461831913932923 0.21374059495351724 0.32442749111355984 
0.8914722192183498 0.05426389039082513 0.05426389039082513 
0.3817426783286162 0.23651464334276762 0.3817426783286162 
0.3940519768937061 0.219330982158756 0.386617040947538 
0.33196721479440805 0.21721325752468337 0.4508195276809086 
0.42307681952674675 0.20000015384597636 0.376923026627277 
0.4144485766746274 0.2509506643148316 0.3346007590105411 
0.32584270504564977 0.2996255060387573 0.374531788915593 
0.3632652694710986 0.21632667388570545 0.42040805664319597 
0.3536121441686569 0.24714838728320845 0.3992394685481348 
0.33203125152587715 0.28906255187982205 0.3789061965943009 
0.32307693491122896 0.23076934911228952 0.4461537159764816 
