0.9104471151711399 0.05970179884126996 0.029851085987590315 
0.8560879821904257 0.07011099249705628 0.07380102531251811 
0.2967480120959202 0.2723577979376448 0.43089418996643497 
0.3200000159999808 0.2800000639999232 0.399999920000096 
0.25193807914176847 0.27519386605364415 0.4728680548045875 
0.289156679730908 0.26907638263889644 0.44176693763019564 
0.37903220278362565 0.21370982212521517 0.4072579750911592 
0.26086965114270616 0.28458503804145685 0.454545310815837 
0.265873096182822 0.2619048469386743 0.4722220568785037 
0.2536232750471648 0.2753623818524835 0.47101434310035173 
0.2764228336306907 0.24390254808632347 0.47967461828298585 
0.3000000384614941 0.26538469378689183 0.4346152677516142 
0.8464560868628895 0.08661446462858508 0.06692944850852538 
0.27049188054276985 0.2950820142434251 0.43442610521380504 
0.25670506892137673 0.28352496146556155 0.45976996961306177 
0.27573535764482615 0.27573535764482615 0.4485292847103478 
0.1969698519281986 0.2878788395316218 0.5151513085401798 
0.22088366961806874 0.27710850147570104 0.5020078289062302 
0.22357736962109395 0.2804878693237366 0.4959347610551694 
0.22761205864321796 0.3022388407774171 0.47014910057936504 
0.23954383321996214 0.3003802657259327 0.4600759010541053 
0.21093764343244914 0.300781288146928 0.48828106842062297 
0.18750019531223844 0.2633929508130123 0.5491068538747492 
0.8339616974018521 0.10188705446748551 0.0641512481306625 
0.1881920425918348 0.32472325676392244 0.48708470064424286 
0.17916685937475912 0.3333333333333333 0.48749980729190756 
0.20074364229333577 0.2788104697281007 0.5204458879785636 
0.16734714202390774 0.29387759933355184 0.5387752586425404 
0.11715508306893338 0.31799165105650495 0.5648532658745616 
0.1484377166745508 0.3085937789916653 0.5429685043337841 
0.13492087112594708 0.3253968348450379 0.539682294029015 
0.171533023868952 0.3211678965315002 0.5072990795995479 
0.12840490847676056 0.31517511847262436 0.5564199730506152 
0.13924075201592573 0.31645571756660223 0.544303530417472 
0.8382347372410986 0.08088263137945069 0.08088263137945069 
0.1591838867136081 0.3142857376093009 0.526530375677091 
0.1263540147790454 0.34296027838237003 0.5306857068385847 
0.13385850331672838 0.3267716612933134 0.5393698353899582 
0.08571458892091152 0.4040815460225967 0.5102038650564917 
0.09200028959965248 0.27600006879991745 0.6319996416004301 
0.10000029166630207 0.34999997916669273 0.5499997291670052 
0.08730188019617437 0.3492063303099242 0.5634917894939014 
0.12048218415801105 0.3614457492621495 0.5180720665798395 
0.09803949250255783 0.3215686412917946 0.5803918662056476 
0.08235323644717281 0.30588238523640954 0.6117643783164176 
0.8560879821904257 0.07011099249705628 0.07380102531251811 
0.09398523234748232 0.37218040731533014 0.5338343603371877 
0.07142890156020812 0.3235294241225746 0.6050416743172172 
0.04602546524000179 0.3556485075541746 0.5983260272058236 
0.0541670156245638 0.3333333333333333 0.6124996510421028 
0.02834045140835861 0.3684210100149676 0.6032385385766738 
0.03225842871964268 0.32661291135534914 0.6411286599250081 
0.023148578960306997 0.3611110725309178 0.6157403485087752 
0.02145962902193688 0.3733905063641549 0.6051498646139082 
0.00819712106911344 0.3606557041118392 0.6311471748190474 
4.048578078650107E-7 0.38866390040821813 0.611335694733974 
0.8093520042963983 0.12589950442499526 0.06474849127860653 
0.00757612775440028 0.3674242036846171 0.6249996685609828 
3.745314143841786E-7 0.39700367377864376 0.602995951689942 
3.8022770316231585E-7 0.3536121441686569 0.6463874756036401 
3.831413220597831E-7 0.3141762672303442 0.6858233496283338 
4.0650356930459027E-7 0.36585361887770057 0.6341459746187301 
4.201675376039442E-7 0.3403361256267324 0.65966345420573 
3.99999520000576E-7 0.35599997280003265 0.6439996272004473 
3.7593942563222676E-7 0.342105253264752 0.6578943707958225 
4.132226282364113E-7 0.36363632607067015 0.6363632607067016 
3.8022770316231585E-7 0.37642580635839584 0.6235738134139011 
0.7875452884117711 0.09890135651865585 0.11355335506957319 
4.219403941682774E-7 0.36708856486679553 0.6329110131928103 
4.132226282364113E-7 0.34297519465884957 0.6570243921185221 
4.048578078650107E-7 0.28340087036331535 0.7165987247788768 
4.219403941682774E-7 0.31645571756660223 0.6835438604930035 
4.219403941682774E-7 0.31223631362491944 0.6877632644346864 
4.132226282364113E-7 0.3388429683764855 0.6611566184008862 
4.149372428167102E-7 0.3195020919061097 0.6804974931566475 
3.8759644853126143E-7 0.3178294753920829 0.6821701370114687 
3.8022770316231585E-7 0.3155893738524253 0.6844102459198717 
3.984058983196434E-7 0.3346613529943988 0.6653382485997028 
0.8301881167681697 0.10943421573485011 0.060377667496980196 
4.0650356930459027E-7 0.32520326194724153 0.6747963315491892 
3.984058983196434E-7 0.3306772940112024 0.6693223075828993 
4.3859591412818316E-7 0.3201754559094878 0.679824105494598 
4.0160594184023074E-7 0.3052209174045172 0.694778680989541 
3.8910460415804966E-7 0.2801557040983999 0.7198439067969961 
4.2372827492168443E-7 0.3008474989226709 0.6991520773490542 
3.745314143841786E-7 0.2921348777510737 0.707864747717512 
4.4247728874696187E-7 0.31858409037510127 0.6814154671476099 
4.149372428167102E-7 0.3195020919061097 0.6804974931566475 
3.906245422368646E-7 0.2695313247679788 0.730468284607479 
0.7892852257658296 0.1142859489793404 0.09642882525483008 
3.787874483475966E-7 0.28030309056466984 0.7196965306478819 
3.787874483475966E-7 0.25000009469686213 0.7499995265156897 
3.9682492441477255E-7 0.2500000992062311 0.7499995039688445 
3.906245422368646E-7 0.28125006103508476 0.7187495483403731 
3.921564013846258E-7 0.2549020530564082 0.7450975547871904 
3.906245422368646E-7 0.3085937789916653 0.6914058303837926 
3.8910460415804966E-7 0.28404675013998043 0.7159528607554155 
4.273498794659665E-7 0.2905983453867367 0.7094012272633838 
3.984058983196434E-7 0.23505987841448794 0.7649397231796137 
3.952564483125119E-7 0.23715426424395544 0.7628453404995962 
0.7903775356932622 0.11683871116284074 0.09278375314389711 
3.8022770316231585E-7 0.3307984819789179 0.669201137793379 
3.9682492441477255E-7 0.2619048469386743 0.7380947562364013 
3.8910460415804966E-7 0.2879377961815609 0.712061814713835 
3.99999520000576E-7 0.2680000783999059 0.731999521600574 
4.048578078650107E-7 0.25910940189141474 0.7408901932507774 
4.2372827492168443E-7 0.26271195417971926 0.7372876220920058 
3.906245422368646E-7 0.2265626251219237 0.7734369842535341 
3.9682492441477255E-7 0.30555558862429927 0.6944440145507763 
4.08162765514981E-7 0.24489806747175413 0.7551015243654804 
3.860999388803797E-7 0.2316603494281667 0.7683392644718945 
0.8978096009383932 0.06569372369300326 0.03649667536860361 
0.7970474571430365 0.10701132065167457 0.09594122220528908 
3.93700322401194E-7 0.2637796097091224 0.7362199965905551 
4.184095166407741E-7 0.2510461283939811 0.7489534531965022 
4.132226282364113E-7 0.21900840618792622 0.7809911805894455 
3.952564483125119E-7 0.24110682872708056 0.7588927760164711 
3.7593942563222676E-7 0.2255640313187617 0.7744355927418127 
3.921564013846258E-7 0.2509804890425619 0.7490191188010367 
3.860999388803797E-7 0.21621635187295152 0.7837832620271097 
3.921564013846258E-7 0.1882354648210218 0.8117641430225768 
4.0322531867905E-7 0.22580658168558668 0.7741930150890947 
4.291839967588025E-7 0.1802577078226938 0.8197418629933094 
0.7925920823050938 0.11111135802441702 0.09629655967048927 
3.921564013846258E-7 0.21176484890409933 0.7882347589394992 
3.99999520000576E-7 0.22800012639984832 0.7719994736006317 
3.8759644853126143E-7 0.21317843428864233 0.7868211781149093 
3.773580633682302E-7 0.22264163474531917 0.7773579878966176 
4.0650356930459027E-7 0.20325219115586446 0.7967474023405662 
4.0160594184023074E-7 0.2088354913628618 0.7911641070311963 
3.952564483125119E-7 0.19762861941270427 0.8023709853308474 
3.93700322401194E-7 0.21653557102097912 0.7834640352786985 
3.8461494082891446E-7 0.18461555621281978 0.8153840591722394 
3.860999388803797E-7 0.20463335370654012 0.7953662601935211 
0.7977522871697149 0.10112385641514261 0.10112385641514261 
4.0322531867905E-7 0.18145179663089117 0.8185478001437901 
3.9682492441477255E-7 0.17460336356742434 0.8253962396076513 
4.0322531867905E-7 0.21370982212521517 0.7862897746494661 
4.0160594184023074E-7 0.2008033725260572 0.799196225868001 
3.8759644853126143E-7 0.22480632774458018 0.7751932846589714 
3.8461494082891446E-7 0.18076940680453063 0.8192302085805286 
4.08162765514981E-7 0.1591838867136081 0.8408157051236264 
3.99999520000576E-7 0.20400015519981377 0.7959994448006662 
3.745314143841786E-7 0.15730356857276942 0.8426960568958163 
4.0160594184023074E-7 0.13253036241321797 0.8674692359808401 
0.8294567874533479 0.09689949972926389 0.0736437128173882 
3.8461494082891446E-7 0.14615406212992835 0.8538455532551309 
3.952564483125119E-7 0.16996066803082843 0.8300389367127232 
3.8759644853126143E-7 0.2015505408327045 0.7984490715708471 
4.201675376039442E-7 0.14285738295287864 0.8571421968795837 
3.952564483125119E-7 0.17786579699707866 0.822133807746473 
3.787874483475966E-7 0.1856062284777707 0.8143933927347811 
3.984058983196434E-7 0.1474105807841664 0.8525890208099353 
3.9682492441477255E-7 0.14285736961424253 0.8571422335608331 
3.952564483125119E-7 0.1422927166489526 0.857706888094599 
4.0322531867905E-7 0.1370970115761957 0.8629025851984856 
0.7756648946788274 0.12167324523964423 0.10266186008152843 
3.745314143841786E-7 0.14606762614124405 0.8539319993273417 
3.984058983196434E-7 0.1474105807841664 0.8525890208099353 
3.8759644853126143E-7 0.1240312511264522 0.8759683612770993 
3.906245422368646E-7 0.1484377166745508 0.8515618927009071 
3.906245422368646E-7 0.14062522582981352 0.8593743835456443 
3.921564013846258E-7 0.15686295271025172 0.8431366551333469 
3.860999388803797E-7 0.1081083689864452 0.891891244913616 
3.8910460415804966E-7 0.14396909264308255 0.8560305182523134 
4.048578078650107E-7 0.11336059106001085 0.8866390040821812 
3.831413220597831E-7 0.12260560620045266 0.8773940106582254 
0.763157409972846 0.09022583809116005 0.14661675193599408 
3.952564483125119E-7 0.08695681388520092 0.9130427908583507 
3.99999520000576E-7 0.10800027039967551 0.8919993296008044 
3.984058983196434E-7 0.11155404993539848 0.8884455516587032 
3.7593942563222676E-7 0.16541372321760542 0.834585900842969 
3.8461494082891446E-7 0.11153871745532602 0.8884608979297333 
4.0322531867905E-7 0.09677447970829067 0.9032251170663906 
3.93700322401194E-7 0.12992150009271644 0.8700781062069611 
3.8910460415804966E-7 0.11284072431043855 0.8871588865849573 
4.048578078650107E-7 0.08906912258811021 0.9109304725540819 
3.831413220597831E-7 0.0804600607738765 0.9195395560848015 
0.778194986998135 0.09022583809116005 0.131579174910705 
4.048578078650107E-7 0.09716627874541042 0.9028333163967817 
3.860999388803797E-7 0.07335937448721103 0.9266402394128502 
3.8910460415804966E-7 0.08949444806095558 0.9105051628344404 
4.098355616775881E-7 0.09836094463818282 0.9016386455262555 
3.831413220597831E-7 0.0804600607738765 0.9195395560848015 
3.8022770316231585E-7 0.09885958304990528 0.9011400367223916 
3.8910460415804966E-7 0.08949444806095558 0.9105051628344404 
3.676466533308971E-7 0.09558849751268657 0.9044111348406602 
3.731339106709956E-7 0.10820920722849937 0.89179041963759 
3.773580633682302E-7 0.08679273193275631 0.9132068907091804 
0.7619042909476657 0.11355335506957319 0.12454235398276121 
3.731339106709956E-7 0.0970151899083695 0.9029844369577199 
3.921564013846258E-7 0.07451010841948029 0.9254894994241183 
3.93700322401194E-7 0.06299244528451343 0.9370071610151641 
3.952564483125119E-7 0.07509912043582556 0.9249004843077261 
3.921564013846258E-7 0.06666698039178777 0.9333326274518108 
3.952564483125119E-7 0.047431169053949736 0.9525684356896019 
3.831413220597831E-7 0.07279723433268084 0.9272023825259972 
3.921564013846258E-7 0.05098072433640274 0.9490188835071959 
3.831413220597831E-7 0.06130299467088735 0.9386966221877907 
3.816789522760089E-7 0.057252224520353605 0.9427473938006942 
0.799255985959867 0.08550213512773035 0.1152418789124027 
3.8910460415804966E-7 0.035019803478828625 0.9649798074165673 
3.8759644853126143E-7 0.04263599693488729 0.9573636154686642 
3.984058983196434E-7 0.031872870271469796 0.9681267313226318 
3.8022770316231585E-7 0.03802315054393474 0.9619764692283622 
3.8759644853126143E-7 0.038760032449574676 0.9612395799539769 
4.0650356930459027E-7 0.012195513582707013 0.9878040799137237 
3.831413220597831E-7 0.04597734178849603 0.954022275070182 
3.860999388803797E-7 0.038610379987976846 0.9613892339120843 
3.921564013846258E-7 0.04705916032255648 0.9529404475210421 
3.8022770316231585E-7 0.019011765385818953 0.9809878543864778 
0.8098853879634359 0.07224364382854316 0.11787096820802107 
3.8759644853126143E-7 0.02713213899363683 0.9728674734099148 
3.8759644853126143E-7 0.038760032449574676 0.9612395799539769 
3.860999388803797E-7 0.030888381210369256 0.9691112326896919 
3.831413220597831E-7 0.026820275685506875 0.9731793411731712 
3.831413220597831E-7 0.011494622803115554 0.9885049940555624 
3.816789522760089E-7 0.01908432929275272 0.980915289028295 
3.8910460415804966E-7 0.023346665354087137 0.9766529455413088 
3.984058983196434E-7 0.003984457389094754 0.9960151442050069 
3.8759644853126143E-7 3.8759644853126143E-7 0.9999992248071029 
3.816789522760089E-7 0.030534697861032984 0.9694649204600149 
0.8888882716056242 0.07407436213959763 0.037037366254778235 
0.7575752754826416 0.13636386019258315 0.10606086432477539 
3.8022770316231585E-7 0.011407211322572637 0.9885924084497242 
0.7372258351541952 0.14233597554455235 0.12043818930125261 
0.7179482952949137 0.11721635470730254 0.1648353499977839 
0.7283014396587476 0.12452853826957934 0.14717002207167315 
0.7307687721898783 0.12307716568019347 0.14615406212992835 
0.7022896538668086 0.16793912068039618 0.1297712254527953 
0.6945450604962977 0.16363654876012865 0.14181839074357375 
0.7011490025107251 0.13409984586224616 0.1647511516270288 
0.6655515061356126 0.1739132034315685 0.16053529043281897 
0.6417319192142686 0.18110254200487166 0.17716553878085972 
0.8840573724014069 0.07971042060461529 0.03623220699397791 
0.7181462724174451 0.1042473695976414 0.17760635798491356 
0.6605835833026461 0.15328486866620222 0.1861315480311518 
0.6678567844391596 0.150000196428361 0.18214301913247952 
0.6594978571707629 0.1362009288162056 0.20430121401303156 
0.6509800184548802 0.16862764475179048 0.18039233679332928 
0.5856570689357742 0.1832671116329343 0.23107581943129152 
0.6290905864466331 0.1490911100824254 0.2218183034709417 
0.6553026644287905 0.16666685606039086 0.17803047951081877 
0.6542747350095892 0.1635689625624953 0.18215630242791553 
0.6549015824687265 0.14509826066871295 0.20000015686256056 
0.8808658329972928 0.07581255327160295 0.04332161373110426 
0.6289059036258943 0.15234396209691944 0.21875013427718643 
0.5962960041155511 0.17777795061709192 0.22592604526735713 
0.5445203309722627 0.17465769726948913 0.28082197175824825 
0.5656931762483473 0.19708044115280168 0.2372263825988512 
0.5902252741820216 0.13909796342334954 0.2706767623946289 
0.5740738065846595 0.18518534979405582 0.2407408436212849 
0.5759997088003495 0.200000159999808 0.22400013119984258 
0.6071425311795263 0.17460336356742434 0.2182541052530493 
0.5596024242360025 0.17549684553293493 0.2649007302310627 
0.5447468349258737 0.21789896743311196 0.23735419764101445 
0.8722621836545436 0.08029224785520309 0.04744556849025348 
0.5999996981135494 0.15849076397272005 0.2415095379137307 
0.5731704392230416 0.20325219115586446 0.22357736962109395 
0.5363982340250184 0.20306528383300712 0.26053648214197456 
0.5652171163433403 0.16600810354770332 0.2687747801089564 
0.4999998031498388 0.20866156457295523 0.29133863227720597 
0.5229005462970845 0.17175591020315628 0.3053435434997594 
0.5378785554410356 0.20454560089515053 0.25757584366381403 
0.49814108014005937 0.23420085405109217 0.26765806580884854 
0.5120965579477121 0.20161306256484368 0.2862903794874442 
0.5020406097461921 0.1591838867136081 0.33877550354019975 
0.8535708711740667 0.0785717015303198 0.06785742729561361 
0.5202949959833993 0.2029521738536821 0.2767528301629187 
0.4759998288002054 0.1800001839997792 0.34399998720001534 
0.4392155617071823 0.21176484890409933 0.34901958938871835 
0.48351631848023613 0.2161173449259946 0.3003663365937693 
0.43295007706887695 0.21455952349480062 0.35249039943632254 
0.5210725811426271 0.21455952349480062 0.26436789536257244 
0.5019453284684883 0.2062258293083705 0.2918288422231414 
0.479400584943163 0.20973796658655441 0.31086144847028263 
0.47190995665547947 0.20599265244271264 0.322097390901808 
0.4624058694670646 0.20676706003715037 0.3308270704957852 
0.8602935364409525 0.08088263137945069 0.058823832179596865 
0.47967461828298585 0.22764240531413987 0.29268297640287433 
0.39483388025769717 0.24354253482376223 0.36162358491854074 
0.41064629964300425 0.2243347250934695 0.36501897526352634 
0.44274796631912255 0.24427491113559796 0.31297712254527954 
0.40601495562223056 0.2556391853693398 0.33834585900842973 
0.4346152677516142 0.18461555621281978 0.38076917603556615 
0.41568617762410476 0.23137266897333061 0.3529411534025646 
0.419707934626349 0.22262785843665137 0.35766420693699974 
0.38399993920007297 0.2320001215998541 0.38399993920007297 
0.44274796631912255 0.21755738447627734 0.3396946492046002 
0.8565885388505363 0.05426389039082513 0.08914757075863866 
0.3651451886159478 0.23651464334276762 0.3983401680412846 
0.382899572974454 0.23420085405109217 0.382899572974454 
0.32786885917763214 0.20901654629113162 0.4631145945312362 
0.3923076242604336 0.20000015384597636 0.40769222189359017 
0.37642580635839584 0.2775666035361937 0.34600759010541055 
0.31086144847028263 0.2996255060387573 0.38951304549096016 
0.37551015243654806 0.20816341857540582 0.4163264289880461 
0.34220531307378743 0.24334611025158528 0.4144485766746274 
0.3046875335692966 0.2929687973021907 0.40234366912851277 
0.34615383136096384 0.22692319970400038 0.4269229689350359 
