0.9216411324912697 0.05597045973456 0.022388407774170404 
0.8745381462677349 0.07011099249705628 0.055350861235208965 
0.3008130477889661 0.24390254808632347 0.4552844041247104 
0.3200000159999808 0.284000059199929 0.3959999248000902 
0.24418615017114323 0.27519386605364415 0.4806199837752127 
0.29317273914931025 0.2530121449652872 0.4538151158854025 
0.36693544322325417 0.20967756893842468 0.4233869878383212 
0.2924901670077071 0.2687747801089564 0.4387350528833365 
0.26984134542696975 0.25793659769452654 0.4722220568785037 
0.257246459514718 0.2644928284498242 0.478260712035458 
0.2764228336306907 0.23170744100718577 0.49186972536212353 
0.296153889053205 0.269230843195181 0.4346152677516142 
0.8464560868628895 0.08267746140457315 0.07086645173253732 
0.28278694739309745 0.28278694739309745 0.43442610521380504 
0.26053648214197456 0.29118778790675726 0.4482757299512683 
0.25367655844497233 0.27941182417813515 0.46691161737689263 
0.21212134986210246 0.28030309056466984 0.5075755595732278 
0.21686761019966644 0.27710850147570104 0.5060238883246325 
0.21544729823500217 0.2764228336306907 0.5081298681343072 
0.2164180413230881 0.2985075016707071 0.4850744570062049 
0.2509506643148316 0.2889734346310632 0.4600759010541053 
0.23046887054429235 0.2929687973021907 0.47656233215351707 
0.18750019531223844 0.2678572305483519 0.5446425741394096 
0.8415088586692167 0.09433989320012091 0.0641512481306625 
0.1881920425918348 0.31365315831753693 0.4981547990906284 
0.1875001822914388 0.32500001041665366 0.48749980729190756 
0.18959123837408362 0.2862454056742688 0.5241633559516476 
0.16734714202390774 0.29795922698870164 0.5346936309873906 
0.12552327340174887 0.31380755589009723 0.5606691707081539 
0.15234396209691944 0.3085937789916653 0.5390622589114153 
0.13095262188179935 0.32142858560089016 0.5476187925173105 
0.1788322859500519 0.31751826549095025 0.503649448558998 
0.13229595451834106 0.3035019803478829 0.5642020651337761 
0.1434601559576085 0.31223631362491944 0.544303530417472 
0.8492641368410256 0.07720616484614172 0.07352969831283275 
0.1591838867136081 0.29795922698870164 0.5428568862976902 
0.1191338059922679 0.33574006959559255 0.5451261244121397 
0.13779550654074033 0.3346456677413373 0.5275588257179223 
0.08571458892091152 0.38775503540199746 0.526530375677091 
0.10400027519966976 0.2720000735999117 0.6239996512004186 
0.10416695312464193 0.34999997916669273 0.5458330677086654 
0.08730188019617437 0.32936508408918563 0.58333303571464 
0.10040188706599952 0.3614457492621495 0.538152363671851 
0.09803949250255783 0.3098039492502558 0.5921565582471864 
0.07843167243332655 0.31372551326410203 0.6078428143025714 
0.8634680478213493 0.06273092686613263 0.07380102531251811 
0.08646644383483779 0.3759398015716524 0.5375937545935099 
0.058823875432089785 0.3235294241225746 0.6176467004453355 
0.05857775073922501 0.3556485075541746 0.5857737417066003 
0.0541670156245638 0.3125000260416341 0.6333329583338021 
0.024291873329708506 0.36437243193631746 0.611335694733974 
0.028226175532852175 0.33467741772893017 0.6370964067382177 
0.01851895576070959 0.3611110725309178 0.6203699717083726 
0.025751468989524903 0.36909866639656685 0.6051498646139082 
0.01229547668588932 0.3565573484950633 0.6311471748190474 
4.048578078650107E-7 0.384615322329568 0.6153842728126241 
0.8093520042963983 0.11870526758424363 0.07194272811935815 
0.00757612775440028 0.3674242036846171 0.6249996685609828 
3.745314143841786E-7 0.39325835963480194 0.6067412658337837 
3.8022770316231585E-7 0.34220531307378743 0.6577943066985096 
3.831413220597831E-7 0.3103448540097464 0.6896547628489317 
4.0650356930459027E-7 0.36585361887770057 0.6341459746187301 
4.201675376039442E-7 0.3319327748746535 0.6680668049578089 
3.99999520000576E-7 0.3479999824000211 0.6519996176004589 
3.7593942563222676E-7 0.3308270704957852 0.6691725535647892 
4.132226282364113E-7 0.3471074209412137 0.6528921658361581 
3.8022770316231585E-7 0.3726235293267727 0.6273760904455242 
0.8131862858758764 0.09523835688092651 0.09157535724319718 
4.219403941682774E-7 0.3544303530417472 0.6455692250178586 
4.132226282364113E-7 0.3388429683764855 0.6611566184008862 
4.048578078650107E-7 0.27935229228466524 0.7206473028575269 
4.219403941682774E-7 0.32067512150828503 0.6793244565513208 
4.219403941682774E-7 0.31223631362491944 0.6877632644346864 
4.132226282364113E-7 0.34297519465884957 0.6570243921185221 
4.149372428167102E-7 0.33609958161877806 0.6639000034439791 
3.8759644853126143E-7 0.3139535109067703 0.6860461014967812 
3.8022770316231585E-7 0.3193916508840485 0.6806079688882485 
3.984058983196434E-7 0.3306772940112024 0.6693223075828993 
0.8377352780355344 0.09433989320012091 0.0679248287643448 
4.0650356930459027E-7 0.32520326194724153 0.6747963315491892 
3.984058983196434E-7 0.34262947096079166 0.65737013063331 
4.3859591412818316E-7 0.3201754559094878 0.679824105494598 
4.0160594184023074E-7 0.3012048579861149 0.6987947404079433 
3.8910460415804966E-7 0.28404675013998043 0.7159528607554155 
4.2372827492168443E-7 0.30932206442110455 0.6906775118506205 
3.745314143841786E-7 0.2958801918949155 0.7041194335736702 
4.4247728874696187E-7 0.31858409037510127 0.6814154671476099 
4.149372428167102E-7 0.3236514643342768 0.6763481207284804 
3.906245422368646E-7 0.2656250793456102 0.7343745300298476 
0.8107137742352419 0.11071452423443832 0.0785717015303198 
3.787874483475966E-7 0.2765152160811939 0.7234844051313579 
3.787874483475966E-7 0.25000009469686213 0.7499995265156897 
3.9682492441477255E-7 0.24206360071793565 0.7579360024571399 
3.906245422368646E-7 0.28125006103508476 0.7187495483403731 
3.921564013846258E-7 0.2588236170702544 0.7411759907733442 
3.906245422368646E-7 0.300781288146928 0.6992183212285299 
3.8910460415804966E-7 0.2723736120152389 0.727625998880157 
4.273498794659665E-7 0.2905983453867367 0.7094012272633838 
3.984058983196434E-7 0.23107581943129152 0.7689237821628101 
3.952564483125119E-7 0.24505939321020567 0.754940211533346 
0.8075596485639362 0.10652944344043633 0.0859109079956275 
3.8022770316231585E-7 0.32319392791567164 0.6768056918566253 
3.9682492441477255E-7 0.2619048469386743 0.7380947562364013 
3.8910460415804966E-7 0.2879377961815609 0.712061814713835 
3.99999520000576E-7 0.27600006879991745 0.7239995312005626 
4.048578078650107E-7 0.2510122457341145 0.7489873494080777 
4.2372827492168443E-7 0.2584746714305024 0.7415249048412227 
3.906245422368646E-7 0.2265626251219237 0.7734369842535341 
3.9682492441477255E-7 0.309523837868447 0.6904757653066286 
4.08162765514981E-7 0.23265318450630468 0.7673464073309297 
3.860999388803797E-7 0.22007735126175532 0.7799222626383059 
0.9160577561411429 0.05839446161190335 0.025547782246953744 
0.8081175555894219 0.09594122220528908 0.09594122220528908 
3.93700322401194E-7 0.2519686000370866 0.748031006262591 
4.184095166407741E-7 0.2510461283939811 0.7489534531965022 
4.132226282364113E-7 0.2148761799055621 0.7851234068718096 
3.952564483125119E-7 0.23715426424395544 0.7628453404995962 
3.7593942563222676E-7 0.22180463706243944 0.778194986998135 
3.921564013846258E-7 0.2352942329871769 0.7647053748564218 
3.860999388803797E-7 0.2277993500393629 0.7722002638606983 
3.921564013846258E-7 0.18431390080717552 0.8156857070364231 
4.0322531867905E-7 0.22983883487237716 0.7701607619023041 
4.291839967588025E-7 0.1802577078226938 0.8197418629933094 
0.8037031810705396 0.1000002592589712 0.09629655967048927 
3.921564013846258E-7 0.21176484890409933 0.7882347589394992 
3.99999520000576E-7 0.22400013119984258 0.7759994688006374 
3.8759644853126143E-7 0.22093036325926757 0.779069249144284 
3.773580633682302E-7 0.21886805411163687 0.7811315685302999 
4.0650356930459027E-7 0.19918715546281854 0.8008124380336121 
4.0160594184023074E-7 0.2088354913628618 0.7911641070311963 
3.952564483125119E-7 0.19762861941270427 0.8023709853308474 
3.93700322401194E-7 0.21259856779696717 0.7874010385027104 
3.8461494082891446E-7 0.18461555621281978 0.8153840591722394 
3.860999388803797E-7 0.20077235431773635 0.7992272595823249 
0.8089882296012402 0.09363322812745904 0.09737854227130083 
4.0322531867905E-7 0.18145179663089117 0.8185478001437901 
3.9682492441477255E-7 0.1706351143232766 0.8293644888517989 
4.0322531867905E-7 0.20967756893842468 0.7903220278362566 
4.0160594184023074E-7 0.1967873131076549 0.8032122852864032 
3.8759644853126143E-7 0.21705439877395494 0.7829452136295966 
3.8461494082891446E-7 0.17692325739624148 0.8230763579888177 
4.08162765514981E-7 0.1632655143687579 0.8367340774684765 
3.99999520000576E-7 0.200000159999808 0.799999440000672 
3.745314143841786E-7 0.15355825442892762 0.8464413710396581 
4.0160594184023074E-7 0.1365464218316203 0.8634531765624378 
0.8294567874533479 0.08914757075863866 0.08139564178801342 
3.8461494082891446E-7 0.14615406212992835 0.8538455532551309 
3.952564483125119E-7 0.18181836148020378 0.8181812432633478 
3.8759644853126143E-7 0.19767457634739188 0.8023250360561597 
4.201675376039442E-7 0.1386557075768392 0.8613438722556231 
3.952564483125119E-7 0.16996066803082843 0.8300389367127232 
3.787874483475966E-7 0.17803047951081877 0.821969141701733 
3.984058983196434E-7 0.1474105807841664 0.8525890208099353 
3.9682492441477255E-7 0.14285736961424253 0.8571422335608331 
3.952564483125119E-7 0.14624528113207771 0.853754323611474 
4.0322531867905E-7 0.1370970115761957 0.8629025851984856 
0.7680603406155811 0.12167324523964423 0.11026641414477474 
3.745314143841786E-7 0.14606762614124405 0.8539319993273417 
3.984058983196434E-7 0.1474105807841664 0.8525890208099353 
3.8759644853126143E-7 0.12790721561176482 0.8720923967917867 
3.906245422368646E-7 0.14453147125218216 0.8554681381232757 
3.906245422368646E-7 0.14453147125218216 0.8554681381232757 
3.921564013846258E-7 0.160784516724098 0.8392150911195007 
3.860999388803797E-7 0.111969368375249 0.8880302455248122 
3.8910460415804966E-7 0.14786013868466305 0.8521394722107329 
4.048578078650107E-7 0.10931201298136074 0.8906875821608313 
3.831413220597831E-7 0.11877419297985482 0.8812254238788232 
0.778194986998135 0.07894765532219325 0.1428573576796718 
3.952564483125119E-7 0.09090937836832604 0.9090902263752256 
3.99999520000576E-7 0.11200026559968128 0.8879993344007987 
3.984058983196434E-7 0.12350622688498777 0.8764933747091139 
3.7593942563222676E-7 0.16165432896128315 0.8383452950992913 
3.8461494082891446E-7 0.10384641863874773 0.8961531967463116 
4.0322531867905E-7 0.09274222652150017 0.9072573702531811 
3.93700322401194E-7 0.12992150009271644 0.8700781062069611 
3.8910460415804966E-7 0.11673177035201905 0.8832678405433769 
4.048578078650107E-7 0.0850205445094601 0.914979050632732 
3.831413220597831E-7 0.0804600607738765 0.9195395560848015 
0.7744355927418127 0.09398523234748232 0.131579174910705 
4.048578078650107E-7 0.09716627874541042 0.9028333163967817 
3.860999388803797E-7 0.08494237265362241 0.9150572412464388 
3.8910460415804966E-7 0.09727654014411657 0.9027230707512793 
4.098355616775881E-7 0.09426258902140694 0.9057370011430314 
3.831413220597831E-7 0.0804600607738765 0.9195395560848015 
3.8022770316231585E-7 0.08365047492341264 0.9163491448488843 
3.8910460415804966E-7 0.08560340201937508 0.9143962088760208 
3.676466533308971E-7 0.09558849751268657 0.9044111348406602 
3.731339106709956E-7 0.10447786812178943 0.8955217587443 
3.773580633682302E-7 0.09056631256643861 0.9094333100754981 
0.7728932898608537 0.11721635470730254 0.10989035543184385 
3.731339106709956E-7 0.0970151899083695 0.9029844369577199 
3.921564013846258E-7 0.07451010841948029 0.9254894994241183 
3.93700322401194E-7 0.0590554420605015 0.940944164239176 
3.952564483125119E-7 0.07509912043582556 0.9249004843077261 
3.921564013846258E-7 0.054902288350249 0.9450973194933496 
3.952564483125119E-7 0.05533629802019997 0.9446633067233516 
3.831413220597831E-7 0.07279723433268084 0.9272023825259972 
3.921564013846258E-7 0.05098072433640274 0.9490188835071959 
3.831413220597831E-7 0.06130299467088735 0.9386966221877907 
3.816789522760089E-7 0.05343543499759352 0.9465641833234543 
0.791821050013699 0.08550213512773035 0.1226768148585708 
3.8910460415804966E-7 0.03891084952040912 0.9610887613749868 
3.8759644853126143E-7 0.04263599693488729 0.9573636154686642 
3.984058983196434E-7 0.031872870271469796 0.9681267313226318 
3.8022770316231585E-7 0.03422087351231159 0.9657787462599854 
3.8759644853126143E-7 0.038760032449574676 0.9612395799539769 
4.0650356930459027E-7 0.012195513582707013 0.9878040799137237 
3.831413220597831E-7 0.04597734178849603 0.954022275070182 
3.860999388803797E-7 0.038610379987976846 0.9613892339120843 
3.921564013846258E-7 0.043137596308710224 0.9568620115348884 
3.8022770316231585E-7 0.026616319449065267 0.9733833003232315 
0.8098853879634359 0.07224364382854316 0.11787096820802107 
3.8759644853126143E-7 0.03488406796426206 0.9651155444392895 
3.8759644853126143E-7 0.03488406796426206 0.9651155444392895 
3.860999388803797E-7 0.030888381210369256 0.9691112326896919 
3.831413220597831E-7 0.026820275685506875 0.9731793411731712 
3.831413220597831E-7 0.007663209582517722 0.9923364072761602 
3.816789522760089E-7 0.01526753976999263 0.984732078551055 
3.8910460415804966E-7 0.023346665354087137 0.9766529455413088 
3.984058983196434E-7 3.984058983196434E-7 0.9999992031882033 
3.8759644853126143E-7 3.8759644853126143E-7 0.9999992248071029 
3.816789522760089E-7 0.030534697861032984 0.9694649204600149 
0.8925919711941062 0.06666696296263375 0.04074106584326018 
0.7689388989330694 0.12121236225867928 0.10984873880825136 
3.8022770316231585E-7 0.011407211322572637 0.9885924084497242 
0.748174728275845 0.13138708242290248 0.12043818930125261 
0.743589292759019 0.11355335506957319 0.14285735217140788 
0.7245278590250653 0.12075495763589704 0.15471718333903775 
0.7192303239650109 0.12307716568019347 0.15769251035479576 
0.721373601480609 0.14503838354383566 0.1335880149755554 
0.6945450604962977 0.16000018909070282 0.14545475041299957 
0.7088118289519209 0.1417626723034418 0.14942549874463748 
0.6622070278859252 0.16387976868250637 0.1739132034315685 
0.6456689224382806 0.17322853555684778 0.18110254200487166 
0.8768110034663007 0.0833336050721684 0.03985539146153102 
0.7065632742510337 0.1042473695976414 0.18918935615132496 
0.6897806316270457 0.13503671346345245 0.17518265490950194 
0.6785710586738658 0.14642877168345894 0.1750001696426754 
0.6774189848541382 0.1290324777428555 0.1935485374030064 
0.6431368904271877 0.18039233679332928 0.176470772779483 
0.5976092458853635 0.17529899366654145 0.2270917604480951 
0.6436360251243363 0.14545475041299957 0.21090922446266425 
0.6439390409783626 0.15909110709343893 0.1969698519281986 
0.6579922029826734 0.15613402661632722 0.1858737704009996 
0.6509800184548802 0.1294120046133279 0.21960797693179185 
0.8953062505708478 0.06859234448482547 0.03610140494432678 
0.6445308853153688 0.1484377166745508 0.2070313980100805 
0.5888886049385872 0.18148165020557386 0.2296297448558391 
0.5650682550668613 0.1712330432537227 0.2636987016794161 
0.587590962491647 0.18248191699060187 0.2299271205177513 
0.6015034569509885 0.13909796342334954 0.2593985796256621 
0.5777775061731414 0.17777795061709192 0.24444454320976683 
0.6119996656004013 0.1920001695997965 0.19600016479980226 
0.6230155281561173 0.1706351143232766 0.20634935752060612 
0.5364236393142656 0.17880810052175447 0.28476826016398 
0.5719841572169372 0.20233478326679 0.22568105951627296 
0.8759118146950935 0.08029224785520309 0.043795937449703524 
0.5849053755788202 0.15849076397272005 0.2566038604484599 
0.5772354749160875 0.20325219115586446 0.21951233392804806 
0.5517238869074097 0.1877396309506158 0.26053648214197456 
0.5731222453095906 0.16996066803082843 0.256917086659581 
0.5314958289419344 0.18110254200487166 0.28740162905319405 
0.5305341253426046 0.16793912068039618 0.3015267539769993 
0.5340906809575595 0.20833347537862648 0.25757584366381403 
0.49442361216697533 0.2379183220241762 0.26765806580884854 
0.5241933175080836 0.18145179663089117 0.29435488586102515 
0.506122237401342 0.1591838867136081 0.33469387588504995 
0.8678565701536749 0.07142885204051568 0.060714577805809494 
0.5202949959833993 0.19188207540729663 0.28782292860930414 
0.48399981920021695 0.18800017439979072 0.3280000063999923 
0.4627449457902599 0.2039217208764068 0.3333333333333333 
0.4981683170311535 0.2124543452882653 0.2893773376805813 
0.4367814902894748 0.20689669705360494 0.35632181265692037 
0.5057469282602358 0.21839093671539844 0.2758621350243659 
0.49805428242690775 0.2062258293083705 0.2957198882647219 
0.47565527079932124 0.20224733829887084 0.322097390901808 
0.4681646425116377 0.20599265244271264 0.32584270504564977 
0.4849622350049982 0.20676706003715037 0.3082707049578516 
0.8639700029742615 0.07352969831283275 0.06250029871290584 
0.49186972536212353 0.22357736962109395 0.2845529050167825 
0.4059039787040827 0.24354253482376223 0.35055348647215523 
0.41064629964300425 0.21292789399860004 0.37642580635839584 
0.4312975977508423 0.24809170065835806 0.32061070159079974 
0.41729313839119736 0.23684221408772851 0.34586464752107426 
0.42307681952674675 0.18461555621281978 0.3923076242604336 
0.4078430495964122 0.23137266897333061 0.36078428143025715 
0.419707934626349 0.2299271205177513 0.3503649448558998 
0.399999920000096 0.2320001215998541 0.3679999584000499 
0.4389311767963625 0.22137417399903744 0.3396946492046002 
0.8837202902477246 0.05813985487613774 0.05813985487613774 
0.3692945610441149 0.22821589848643342 0.4024895404694517 
0.37918210500136995 0.23420085405109217 0.386617040947538 
0.3401639260279598 0.20491819067435574 0.45491788329768446 
0.3999999230770119 0.20000015384597636 0.3999999230770119 
0.380228083390019 0.2699620494729474 0.3498098671370337 
0.31086144847028263 0.2921348777510737 0.39700367377864376 
0.355102014160799 0.20816341857540582 0.43673456726379517 
0.35741442120028005 0.23574155618833897 0.4068440226113811 
0.32421876068113986 0.2929687973021907 0.38281244201666953 
0.3346153831360964 0.22307705029571123 0.4423075665681925 
