0.9216411324912697 0.05970179884126996 0.018657068667460447 
0.8892982775295821 0.06273092686613263 0.04797079560428531 
0.3089431191750579 0.2520326194724153 0.4390242613525268 
0.34399998720001534 0.26400008319990015 0.39199992960008445 
0.2558140436270811 0.286821759509582 0.457364196863337 
0.289156679730908 0.2570282043836895 0.4538151158854025 
0.35887093684967314 0.21774207531200568 0.4233869878383212 
0.2687747801089564 0.2964427314908322 0.4347824884002114 
0.26984134542696975 0.25793659769452654 0.4722220568785037 
0.2644928284498242 0.2644928284498242 0.47101434310035173 
0.2723577979376448 0.2520326194724153 0.4756095825899399 
0.30384618786978324 0.27692314201175927 0.4192306701184576 
0.874015109430973 0.07086645173253732 0.05511843883648956 
0.2745902361595457 0.2909836586266492 0.43442610521380504 
0.2758621350243659 0.29118778790675726 0.43295007706887695 
0.2720588911115172 0.2830882907114441 0.4448528181770388 
0.2159092243455784 0.2840909650481458 0.49999981060627585 
0.24096396671008027 0.2730924420572987 0.485943591232621 
0.23170744100718577 0.2845529050167825 0.48373965397603175 
0.21268670221637814 0.305970179884127 0.4813431178994949 
0.2509506643148316 0.2965779886943095 0.452471346990859 
0.2265626251219237 0.29687504272455933 0.47656233215351707 
0.18750019531223844 0.2678572305483519 0.5446425741394096 
0.8452824393028989 0.09433989320012091 0.060377667496980196 
0.18450200977637296 0.3210332239484606 0.49446476627516656 
0.17916685937475912 0.3333333333333333 0.48749980729190756 
0.19330870634716768 0.2862454056742688 0.5204458879785636 
0.1551022590584583 0.29795922698870164 0.5469385139528401 
0.13389146373456437 0.3221757462229127 0.5439327900425229 
0.16015645294165673 0.3085937789916653 0.5312497680666781 
0.14285736961424253 0.3134920871125947 0.5436505432731628 
0.19343081011225172 0.31386863445040025 0.4927005554373481 
0.13229595451834106 0.3073930263894634 0.5603110190921957 
0.13502134807424296 0.31645571756660223 0.5485229343591548 
0.8566170699076435 0.07352969831283275 0.06985323177952378 
0.1591838867136081 0.3265306205747503 0.5142854927116416 
0.12996411917243414 0.3249097564154263 0.5451261244121397 
0.13779550654074033 0.3307086645173254 0.5314958289419344 
0.08163296126576171 0.3999999183674469 0.5183671203667913 
0.09600028479965823 0.29200004959994047 0.6119996656004013 
0.10416695312464193 0.3624999635417122 0.5333330833336458 
0.08333363095202664 0.3452380810657765 0.5714282879821968 
0.10441794648440182 0.3614457492621495 0.5341363042534487 
0.09803949250255783 0.3215686412917946 0.5803918662056476 
0.08627480046101905 0.3176470772779483 0.5960781222610326 
0.8634680478213493 0.06273092686613263 0.07380102531251811 
0.09398523234748232 0.3796991958279747 0.5263155718245431 
0.058823875432089785 0.3403361256267324 0.6008399989411778 
0.06276184590563275 0.3598326027205824 0.5774055513737849 
0.0541670156245638 0.3333333333333333 0.6124996510421028 
0.024291873329708506 0.3765181661722678 0.5991899604980236 
0.03225842871964268 0.33467741772893017 0.6330641535514271 
0.01851895576070959 0.3796295653293074 0.601851478909983 
0.02145962902193688 0.3733905063641549 0.6051498646139082 
0.00819712106911344 0.3606557041118392 0.6311471748190474 
0.0040489829364579715 0.3805667442509179 0.6153842728126241 
0.8381289516594047 0.10071967548236459 0.06115137285823073 
0.00757612775440028 0.37121207816809304 0.6212117940775068 
3.745314143841786E-7 0.40074898792248553 0.5992506375461002 
3.8022770316231585E-7 0.3536121441686569 0.6463874756036401 
3.831413220597831E-7 0.3256705068921377 0.6743291099665403 
4.0650356930459027E-7 0.37804872595683825 0.6219508675395924 
4.201675376039442E-7 0.3403361256267324 0.65966345420573 
3.99999520000576E-7 0.35599997280003265 0.6439996272004473 
3.7593942563222676E-7 0.3533834360337188 0.6466161880268557 
4.132226282364113E-7 0.3512396472235778 0.648759939553794 
3.8022770316231585E-7 0.380228083390019 0.619771536382278 
0.8388272833399818 0.0842493579677385 0.07692335869227983 
4.219403941682774E-7 0.36286916092511273 0.637130417134493 
4.132226282364113E-7 0.3471074209412137 0.6528921658361581 
4.048578078650107E-7 0.29149802652061557 0.7085015686215765 
4.219403941682774E-7 0.32067512150828503 0.6793244565513208 
4.219403941682774E-7 0.3248945254499678 0.675105052609638 
4.132226282364113E-7 0.3512396472235778 0.648759939553794 
4.149372428167102E-7 0.33609958161877806 0.6639000034439791 
3.8759644853126143E-7 0.3139535109067703 0.6860461014967812 
3.8022770316231585E-7 0.3155893738524253 0.6844102459198717 
3.984058983196434E-7 0.32669323502800596 0.6733063665660958 
0.8452824393028989 0.09811347383380321 0.056604086863297896 
4.0650356930459027E-7 0.3333333333333333 0.6666662601630974 
3.984058983196434E-7 0.354581647910381 0.6454179536837207 
4.3859591412818316E-7 0.315789496768206 0.6842100646358799 
4.0160594184023074E-7 0.2971887985677126 0.7028107998263455 
3.8910460415804966E-7 0.28404675013998043 0.7159528607554155 
4.2372827492168443E-7 0.3135593471703214 0.6864402291014037 
3.745314143841786E-7 0.3033708201825991 0.6966288052859866 
4.4247728874696187E-7 0.3318584090375101 0.6681411484852011 
4.149372428167102E-7 0.3236514643342768 0.6763481207284804 
3.906245422368646E-7 0.2695313247679788 0.730468284607479 
0.8107137742352419 0.09642882525483008 0.09285740050992804 
3.787874483475966E-7 0.2765152160811939 0.7234844051313579 
3.787874483475966E-7 0.25757584366381403 0.7424237775487377 
3.9682492441477255E-7 0.25396834845037886 0.7460312547246968 
3.906245422368646E-7 0.2851563064574534 0.7148433029180045 
3.921564013846258E-7 0.26274518108410067 0.7372544267594979 
3.906245422368646E-7 0.3125000244140339 0.6874995849614239 
3.8910460415804966E-7 0.2801557040983999 0.7198439067969961 
4.273498794659665E-7 0.30341884177071565 0.6965807308794049 
3.984058983196434E-7 0.23505987841448794 0.7649397231796137 
3.952564483125119E-7 0.24901195769333082 0.7509876470502209 
0.8144324937122058 0.08934733056976231 0.09622017571803192 
3.8022770316231585E-7 0.3346007590105411 0.6653988607617558 
3.9682492441477255E-7 0.265873096182822 0.7341265069922536 
3.8910460415804966E-7 0.2918288422231414 0.7081707686722545 
3.99999520000576E-7 0.2800000639999232 0.7199995360005568 
4.048578078650107E-7 0.25910940189141474 0.7408901932507774 
4.2372827492168443E-7 0.26271195417971926 0.7372876220920058 
3.906245422368646E-7 0.23046887054429235 0.7695307388311655 
3.9682492441477255E-7 0.3174603363567424 0.6825392668183331 
4.08162765514981E-7 0.24489806747175413 0.7551015243654804 
3.860999388803797E-7 0.2316603494281667 0.7683392644718945 
0.9233570182222429 0.05109519953080344 0.025547782246953744 
0.8339477852976547 0.07749105812797993 0.08856115657436542 
3.93700322401194E-7 0.2637796097091224 0.7362199965905551 
4.184095166407741E-7 0.24686203322757336 0.75313754836291 
4.132226282364113E-7 0.22314063247029034 0.7768589543070814 
3.952564483125119E-7 0.25296452217645593 0.7470350825670957 
3.7593942563222676E-7 0.22932342557508398 0.7706761984854905 
3.921564013846258E-7 0.2509804890425619 0.7490191188010367 
3.860999388803797E-7 0.2316603494281667 0.7683392644718945 
3.921564013846258E-7 0.18431390080717552 0.8156857070364231 
4.0322531867905E-7 0.22580658168558668 0.7741930150890947 
4.291839967588025E-7 0.18884138775786985 0.8111581830581334 
0.8222216790129493 0.09629655967048927 0.0814817613165615 
3.921564013846258E-7 0.21960797693179185 0.7803916309118067 
3.99999520000576E-7 0.22800012639984832 0.7719994736006317 
3.8759644853126143E-7 0.22868229222989278 0.7713173201736587 
3.773580633682302E-7 0.22264163474531917 0.7773579878966176 
4.0650356930459027E-7 0.20731722684891035 0.7926823666475203 
4.0160594184023074E-7 0.22088366961806874 0.7791159287759895 
3.952564483125119E-7 0.19367605492957915 0.8063235498139726 
3.93700322401194E-7 0.21653557102097912 0.7834640352786985 
3.8461494082891446E-7 0.18846170562110892 0.8115379097639503 
3.860999388803797E-7 0.20849435309534392 0.7915052608047173 
0.8314601144642909 0.08614259983977547 0.08239728569593369 
4.0322531867905E-7 0.18951630300447217 0.8104832937702091 
3.9682492441477255E-7 0.17460336356742434 0.8253962396076513 
4.0322531867905E-7 0.21370982212521517 0.7862897746494661 
4.0160594184023074E-7 0.2008033725260572 0.799196225868001 
3.8759644853126143E-7 0.21705439877395494 0.7829452136295966 
3.8461494082891446E-7 0.18076940680453063 0.8192302085805286 
4.08162765514981E-7 0.1591838867136081 0.8408157051236264 
3.99999520000576E-7 0.20400015519981377 0.7959994448006662 
3.745314143841786E-7 0.15730356857276942 0.8426960568958163 
4.0160594184023074E-7 0.1485946000868272 0.8514049983072309 
0.8333327519386606 0.08914757075863866 0.07751967730270082 
3.8461494082891446E-7 0.1500002115382175 0.8499994038468418 
3.952564483125119E-7 0.17786579699707866 0.822133807746473 
3.8759644853126143E-7 0.2015505408327045 0.7984490715708471 
4.201675376039442E-7 0.1386557075768392 0.8613438722556231 
3.952564483125119E-7 0.17391323251395355 0.8260863722295981 
3.787874483475966E-7 0.18939410296124667 0.8106055182513051 
3.984058983196434E-7 0.14342652180096996 0.8565730797931317 
3.9682492441477255E-7 0.14682561885839027 0.8531739843166853 
3.952564483125119E-7 0.15810297458145306 0.8418966301620986 
4.0322531867905E-7 0.14112926476298618 0.8588703320116952 
0.7794671717104505 0.11787096820802107 0.10266186008152843 
3.745314143841786E-7 0.14981294028508585 0.8501866851834998 
3.984058983196434E-7 0.15139463976736284 0.8486049618267388 
3.8759644853126143E-7 0.12790721561176482 0.8720923967917867 
3.906245422368646E-7 0.14453147125218216 0.8554681381232757 
3.906245422368646E-7 0.1484377166745508 0.8515618927009071 
3.921564013846258E-7 0.18039233679332928 0.8196072710502693 
3.860999388803797E-7 0.1081083689864452 0.891891244913616 
3.8910460415804966E-7 0.15175118472624352 0.8482484261691524 
4.048578078650107E-7 0.11336059106001085 0.8866390040821812 
3.831413220597831E-7 0.12260560620045266 0.8773940106582254 
0.778194986998135 0.08646644383483779 0.13533856916702727 
3.952564483125119E-7 0.09090937836832604 0.9090902263752256 
3.99999520000576E-7 0.10800027039967551 0.8919993296008044 
3.984058983196434E-7 0.12350622688498777 0.8764933747091139 
3.7593942563222676E-7 0.16165432896128315 0.8383452950992913 
3.8461494082891446E-7 0.11153871745532602 0.8884608979297333 
4.0322531867905E-7 0.09274222652150017 0.9072573702531811 
3.93700322401194E-7 0.13385850331672838 0.8661411029829492 
3.8910460415804966E-7 0.12451386243518006 0.8754857484602159 
4.048578078650107E-7 0.0850205445094601 0.914979050632732 
3.831413220597831E-7 0.07662864755327868 0.9233709693053993 
0.8007513525360687 0.07894765532219325 0.1203009921417382 
4.048578078650107E-7 0.09716627874541042 0.9028333163967817 
3.860999388803797E-7 0.08108137326481862 0.9189182406352426 
3.8910460415804966E-7 0.09727654014411657 0.9027230707512793 
4.098355616775881E-7 0.09426258902140694 0.9057370011430314 
3.831413220597831E-7 0.09195430043567 0.908045316423008 
3.8022770316231585E-7 0.10266186008152843 0.8973377596907685 
3.8910460415804966E-7 0.08949444806095558 0.9105051628344404 
3.676466533308971E-7 0.09926496404599554 0.9007346683073512 
3.731339106709956E-7 0.11194054633520933 0.8880590805308801 
3.773580633682302E-7 0.09433989320012091 0.9056597294418158 
0.7838822887740418 0.10989035543184385 0.10622735579411452 
3.731339106709956E-7 0.09328385080165956 0.9067157760644299 
3.921564013846258E-7 0.07451010841948029 0.9254894994241183 
3.93700322401194E-7 0.06299244528451343 0.9370071610151641 
3.952564483125119E-7 0.07509912043582556 0.9249004843077261 
3.921564013846258E-7 0.05882385236409526 0.9411757554795034 
3.952564483125119E-7 0.05533629802019997 0.9446633067233516 
3.831413220597831E-7 0.06896582111208302 0.9310337957465951 
3.921564013846258E-7 0.054902288350249 0.9450973194933496 
3.831413220597831E-7 0.06130299467088735 0.9386966221877907 
3.816789522760089E-7 0.0610690140431137 0.9389306042779341 
0.799255985959867 0.07434973120847821 0.12639428283165485 
3.8910460415804966E-7 0.03891084952040912 0.9610887613749868 
3.8759644853126143E-7 0.038760032449574676 0.9612395799539769 
3.984058983196434E-7 0.02788881128827336 0.9721107903058283 
3.8022770316231585E-7 0.03802315054393474 0.9619764692283622 
3.8759644853126143E-7 0.038760032449574676 0.9612395799539769 
4.0650356930459027E-7 0.012195513582707013 0.9878040799137237 
3.831413220597831E-7 0.04597734178849603 0.954022275070182 
3.860999388803797E-7 0.038610379987976846 0.9613892339120843 
3.921564013846258E-7 0.04705916032255648 0.9529404475210421 
3.8022770316231585E-7 0.026616319449065267 0.9733833003232315 
0.8098853879634359 0.06844136679692 0.12167324523964423 
3.8759644853126143E-7 0.03488406796426206 0.9651155444392895 
3.8759644853126143E-7 0.038760032449574676 0.9612395799539769 
3.860999388803797E-7 0.030888381210369256 0.9691112326896919 
3.831413220597831E-7 0.022988862464909044 0.9770107543937689 
3.831413220597831E-7 0.007663209582517722 0.9923364072761602 
3.816789522760089E-7 0.01908432929275272 0.980915289028295 
3.8910460415804966E-7 0.023346665354087137 0.9766529455413088 
3.984058983196434E-7 3.984058983196434E-7 0.9999992031882033 
3.8759644853126143E-7 3.8759644853126143E-7 0.9999992248071029 
3.816789522760089E-7 0.030534697861032984 0.9694649204600149 
0.9074067695480339 0.06666696296263375 0.02592626748933242 
0.7651510244495935 0.12500023674215524 0.10984873880825136 
3.8022770316231585E-7 0.011407211322572637 0.9885924084497242 
0.7372258351541952 0.13868634450400238 0.12408782034180256 
0.754578291672207 0.10622735579411452 0.13919435253367857 
0.7245278590250653 0.12075495763589704 0.15471718333903775 
0.7423072204147457 0.11923101627190431 0.13846176331335006 
0.7328239700488893 0.1335880149755554 0.1335880149755554 
0.7163632185128526 0.1527274697518512 0.1309093117352963 
0.7241374818343121 0.13026843264164834 0.14559408552403966 
0.6722404626349874 0.16722424693219373 0.16053529043281897 
0.6535429288863045 0.17716553878085972 0.16929153233283584 
0.8949269258040662 0.06521768273440283 0.03985539146153102 
0.7220072718062489 0.1081083689864452 0.16988435920730596 
0.6934302626675957 0.1277374513823525 0.1788322859500519 
0.6857139081636698 0.14285734693855687 0.17142874489777335 
0.6989243380741885 0.11469557559615529 0.1863800863296563 
0.6549015824687265 0.18431390080717552 0.160784516724098 
0.5976092458853635 0.171314934683345 0.23107581943129152 
0.6472723847937621 0.14545475041299957 0.20727286479323842 
0.6742420368461703 0.14772748364301103 0.17803047951081877 
0.6877319467673457 0.14126415472399104 0.1710038985086634 
0.662744710496419 0.1294120046133279 0.20784328489025308 
0.9169668769311803 0.05415192691127049 0.028881196157549287 
0.6523433761601061 0.15234396209691944 0.19531266174297454 
0.6037034032925149 0.17407425102861 0.2222223456788752 
0.578766871129927 0.17808235128525554 0.24315077758481757 
0.587590962491647 0.171533023868952 0.24087601363940114 
0.609022245463633 0.14661675193599408 0.24436100260037302 
0.5777775061731414 0.18148165020557386 0.2407408436212849 
0.6119996656004013 0.17600018879977344 0.21200014559982527 
0.626983777400265 0.16666686507912887 0.20634935752060612 
0.5496686592695438 0.17880810052175447 0.27152324020870183 
0.5447468349258737 0.210116875349951 0.24513628972417545 
0.8868607078167433 0.06934335473355321 0.043795937449703524 
0.5811317949451379 0.15849076397272005 0.2603774410821422 
0.5894305819952252 0.19512211976977265 0.21544729823500217 
0.5785437794515945 0.1762453912888223 0.24521082925958326 
0.5691696808264655 0.1620555390645782 0.2687747801089564 
0.5196848192698985 0.18897654845289552 0.29133863227720597 
0.5343509148653647 0.160305541634876 0.3053435434997594 
0.5227270575071317 0.20075772641167455 0.2765152160811939 
0.5055760160862275 0.23420085405109217 0.2602231298626805 
0.5282255706948742 0.19354855619126268 0.27822587311386315 
0.5224487480219412 0.1591838867136081 0.3183673652644507 
0.8892851186230872 0.060714577805809494 0.05000030357110332 
0.5202949959833993 0.19188207540729663 0.28782292860930414 
0.4919998096002285 0.19600016479980226 0.31200002559996926 
0.4627449457902599 0.20784328489025308 0.32941176931948707 
0.5054943163066121 0.20146534637507726 0.2930403373183107 
0.4444443167306705 0.21072811027420277 0.34482757299512684 
0.5363982340250184 0.20689669705360494 0.25670506892137673 
0.5058363745100687 0.20233478326679 0.2918288422231414 
0.4681646425116377 0.2134832807303962 0.31835207675796623 
0.4606740142239541 0.20599265244271264 0.33333333333333337 
0.4849622350049982 0.20676706003715037 0.3082707049578516 
0.8676464695075705 0.08088263137945069 0.051470899112978925 
0.4999997967482153 0.21544729823500217 0.2845529050167825 
0.4022139458886208 0.23985250200830038 0.35793355210307887 
0.44486679292761266 0.21673017103022318 0.33840303604216426 
0.4351143872736024 0.24809170065835806 0.31679391206803964 
0.41729313839119736 0.2481203968566953 0.33458646475210746 
0.4115383713018793 0.1961540044376872 0.3923076242604336 
0.4078430495964122 0.22745110495948437 0.3647058454441034 
0.419707934626349 0.2372263825988512 0.34306568277479993 
0.38399993920007297 0.22800012639984832 0.38799993440007874 
0.461831913932923 0.22137417399903744 0.31679391206803964 
0.899224148188975 0.05426389039082513 0.0465119614201999 
0.4107882853257859 0.22406652605826632 0.3651451886159478 
0.37918210500136995 0.2379183220241762 0.382899572974454 
0.3196721479440804 0.20491819067435574 0.4754096613815639 
0.403846072485301 0.1961540044376872 0.3999999230770119 
0.39163491448488846 0.2623574954097011 0.34600759010541055 
0.31086144847028263 0.2958801918949155 0.39325835963480194 
0.37551015243654806 0.20408179092025602 0.42040805664319597 
0.34220531307378743 0.23954383321996214 0.4182508537062506 
0.3164062698364026 0.300781288146928 0.38281244201666953 
0.33076923372780725 0.23076934911228952 0.43846141715990333 
