0.9253724715979796 0.05223912062785004 0.022388407774170404 
0.8856082447141204 0.06642095968159445 0.04797079560428531 
0.304878083482012 0.2520326194724153 0.4430892970455727 
0.31200002559996926 0.2800000639999232 0.4079999104001075 
0.23643422120051802 0.286821759509582 0.4767440192899001 
0.27710850147570104 0.26907638263889644 0.4538151158854025 
0.3911289623439972 0.20564531575163417 0.4032257219043687 
0.2924901670077071 0.288537602524582 0.4189722304677109 
0.265873096182822 0.25793659769452654 0.47619030612265145 
0.2536232750471648 0.2753623818524835 0.47101434310035173 
0.23983751239327758 0.2560976551654612 0.5040648324412612 
0.3000000384614941 0.2730769926034701 0.4269229689350359 
0.8425190836388776 0.09055146785259702 0.06692944850852538 
0.2622951693092181 0.31147543671052863 0.4262293939802533 
0.25670506892137673 0.2873563746861594 0.45593855639246395 
0.2683824245782082 0.294117690311371 0.43749988511042087 
0.1969698519281986 0.2954545884985737 0.5075755595732278 
0.23694790729167797 0.27710850147570104 0.485943591232621 
0.22357736962109395 0.2845529050167825 0.49186972536212353 
0.22014938042979806 0.2985075016707071 0.4813431178994949 
0.24714838728320845 0.29277571166268634 0.4600759010541053 
0.21093764343244914 0.2929687973021907 0.4960935592653603 
0.1830359155768988 0.2678572305483519 0.5491068538747492 
0.8415088586692167 0.09433989320012091 0.0641512481306625 
0.18081197696091114 0.3173431911329988 0.5018448319060902 
0.19166684374977866 0.3333333333333333 0.474999822916888 
0.18959123837408362 0.28996287364735285 0.5204458879785636 
0.1632655143687579 0.30204085464385144 0.5346936309873906 
0.1297073685681566 0.31799165105650495 0.5523009803753385 
0.1484377166745508 0.3046875335692966 0.5468747497561527 
0.1388891203700948 0.32142858560089016 0.539682294029015 
0.16788339282840203 0.3284671586126001 0.503649448558998 
0.14007804660150205 0.3112840724310439 0.5486378809674541 
0.13924075201592573 0.31223631362491944 0.5485229343591548 
0.8639700029742615 0.07720616484614172 0.058823832179596865 
0.1632655143687579 0.3183673652644507 0.5183671203667913 
0.12996411917243414 0.32851986080881507 0.5415160200187509 
0.13385850331672838 0.3385826709653493 0.5275588257179223 
0.08163296126576171 0.3999999183674469 0.5183671203667913 
0.11600026079968703 0.284000059199929 0.599999680000384 
0.10000029166630207 0.35416664062503256 0.5458330677086654 
0.08730188019617437 0.3452380810657765 0.5674600387380491 
0.10843400590280412 0.3574296898437472 0.5341363042534487 
0.09411792848871157 0.3254902053056408 0.5803918662056476 
0.09019636447486531 0.30588238523640954 0.6039212502887251 
0.8523979493749638 0.06273092686613263 0.0848711237589036 
0.07894765532219325 0.38345859008429695 0.5375937545935099 
0.06302555080812923 0.32773109949861406 0.6092433496932567 
0.04602546524000179 0.3598326027205824 0.5941419320394158 
0.06250033854124348 0.31666668749997395 0.6208329739587826 
0.024291873329708506 0.3724695880936177 0.6032385385766738 
0.024193922346061675 0.34274192410251114 0.6330641535514271 
0.01851895576070959 0.3703703189301126 0.6111107253091778 
0.02145962902193688 0.3648068264289788 0.6137335445490842 
0.00819712106911344 0.35245899287828747 0.6393438860525991 
4.048578078650107E-7 0.384615322329568 0.6153842728126241 
0.8273375963982773 0.11151103074349202 0.06115137285823073 
0.011364002237876246 0.374999952651569 0.6136360451105548 
3.745314143841786E-7 0.40074898792248553 0.5992506375461002 
3.8022770316231585E-7 0.3498098671370337 0.6501897526352632 
3.831413220597831E-7 0.3218390936715399 0.6781605231871382 
4.0650356930459027E-7 0.36991865457074646 0.6300809389256842 
4.201675376039442E-7 0.33613445025069294 0.6638651295817695 
3.99999520000576E-7 0.3519999776000269 0.6479996224004531 
3.7593942563222676E-7 0.34962404177739653 0.6503755822831779 
4.132226282364113E-7 0.35537187350594196 0.6446277132714299 
3.8022770316231585E-7 0.37642580635839584 0.6235738134139011 
0.8278382844267937 0.08791235760546784 0.0842493579677385 
4.219403941682774E-7 0.36286916092511273 0.637130417134493 
4.132226282364113E-7 0.3512396472235778 0.648759939553794 
4.048578078650107E-7 0.2955466045992657 0.7044529905429264 
4.219403941682774E-7 0.32067512150828503 0.6793244565513208 
4.219403941682774E-7 0.3291139293916506 0.6708856486679553 
4.132226282364113E-7 0.35537187350594196 0.6446277132714299 
4.149372428167102E-7 0.33609958161877806 0.6639000034439791 
3.8759644853126143E-7 0.3139535109067703 0.6860461014967812 
3.8022770316231585E-7 0.32319392791567164 0.6768056918566253 
3.984058983196434E-7 0.3306772940112024 0.6693223075828993 
0.8528296005702636 0.09056631256643861 0.056604086863297896 
4.0650356930459027E-7 0.32520326194724153 0.6747963315491892 
3.984058983196434E-7 0.3585657068935774 0.6414338947005243 
4.3859591412818316E-7 0.3201754559094878 0.679824105494598 
4.0160594184023074E-7 0.3012048579861149 0.6987947404079433 
3.8910460415804966E-7 0.28404675013998043 0.7159528607554155 
4.2372827492168443E-7 0.3050847816718877 0.6949147945998374 
3.745314143841786E-7 0.2958801918949155 0.7041194335736702 
4.4247728874696187E-7 0.3318584090375101 0.6681411484852011 
4.149372428167102E-7 0.32780083676244387 0.6721987483003133 
3.906245422368646E-7 0.2695313247679788 0.730468284607479 
0.8035709247454378 0.10714309948953626 0.08928597576502598 
3.787874483475966E-7 0.28030309056466984 0.7196965306478819 
3.787874483475966E-7 0.26136371814729004 0.7386359030652617 
3.9682492441477255E-7 0.2500000992062311 0.7499995039688445 
3.906245422368646E-7 0.28906255187982205 0.7109370574956358 
3.921564013846258E-7 0.26274518108410067 0.7372544267594979 
3.906245422368646E-7 0.3046875335692966 0.6953120758061613 
3.8910460415804966E-7 0.28404675013998043 0.7159528607554155 
4.273498794659665E-7 0.299145342976056 0.7008542296740645 
3.984058983196434E-7 0.23505987841448794 0.7649397231796137 
3.952564483125119E-7 0.24505939321020567 0.754940211533346 
0.7972503808415319 0.10309302086630152 0.09965659829216672 
3.8022770316231585E-7 0.3307984819789179 0.669201137793379 
3.9682492441477255E-7 0.265873096182822 0.7341265069922536 
3.8910460415804966E-7 0.2879377961815609 0.712061814713835 
3.99999520000576E-7 0.27600006879991745 0.7239995312005626 
4.048578078650107E-7 0.2550608238127646 0.7449387713294275 
4.2372827492168443E-7 0.26271195417971926 0.7372876220920058 
3.906245422368646E-7 0.234375115966661 0.7656244934087969 
3.9682492441477255E-7 0.3134920871125947 0.6865075160624808 
4.08162765514981E-7 0.24489806747175413 0.7551015243654804 
3.860999388803797E-7 0.2316603494281667 0.7683392644718945 
0.908758494060043 0.06569372369300326 0.025547782246953744 
0.8044275227739601 0.09225118938982725 0.10332128783621274 
3.93700322401194E-7 0.2637796097091224 0.7362199965905551 
4.184095166407741E-7 0.2426779380611656 0.7573216435293177 
4.132226282364113E-7 0.22727285875265443 0.7727267280247173 
3.952564483125119E-7 0.24901195769333082 0.7509876470502209 
3.7593942563222676E-7 0.22932342557508398 0.7706761984854905 
3.921564013846258E-7 0.2549020530564082 0.7450975547871904 
3.860999388803797E-7 0.2316603494281667 0.7683392644718945 
3.921564013846258E-7 0.18431390080717552 0.8156857070364231 
4.0322531867905E-7 0.22983883487237716 0.7701607619023041 
4.291839967588025E-7 0.19313322772545788 0.8068663430905454 
0.8111105802475035 0.10370395884745313 0.08518546090504345 
3.921564013846258E-7 0.2235295409456381 0.7764700668979605 
3.99999520000576E-7 0.23600011679985985 0.7639994832006202 
3.8759644853126143E-7 0.22480632774458018 0.7751932846589714 
3.773580633682302E-7 0.2264152153790015 0.7735844072629352 
4.0650356930459027E-7 0.20731722684891035 0.7926823666475203 
4.0160594184023074E-7 0.22088366961806874 0.7791159287759895 
3.952564483125119E-7 0.19762861941270427 0.8023709853308474 
3.93700322401194E-7 0.22047257424499106 0.7795270320546865 
3.8461494082891446E-7 0.19230785502939807 0.8076917603556611 
3.860999388803797E-7 0.21235535248414772 0.7876442614159135 
0.8089882296012402 0.08988791398361726 0.10112385641514261 
4.0322531867905E-7 0.18145179663089117 0.8185478001437901 
3.9682492441477255E-7 0.17460336356742434 0.8253962396076513 
4.0322531867905E-7 0.21370982212521517 0.7862897746494661 
4.0160594184023074E-7 0.2008033725260572 0.799196225868001 
3.8759644853126143E-7 0.22480632774458018 0.7751932846589714 
3.8461494082891446E-7 0.17692325739624148 0.8230763579888177 
4.08162765514981E-7 0.1591838867136081 0.8408157051236264 
3.99999520000576E-7 0.200000159999808 0.799999440000672 
3.745314143841786E-7 0.15730356857276942 0.8426960568958163 
4.0160594184023074E-7 0.1365464218316203 0.8634531765624378 
0.8217048584827228 0.09302353524395127 0.08527160627332604 
3.8461494082891446E-7 0.13846176331335006 0.8615378520717092 
3.952564483125119E-7 0.17391323251395355 0.8260863722295981 
3.8759644853126143E-7 0.2015505408327045 0.7984490715708471 
4.201675376039442E-7 0.14285738295287864 0.8571421968795837 
3.952564483125119E-7 0.17786579699707866 0.822133807746473 
3.787874483475966E-7 0.18939410296124667 0.8106055182513051 
3.984058983196434E-7 0.1474105807841664 0.8525890208099353 
3.9682492441477255E-7 0.15079386810253798 0.8492057350725376 
3.952564483125119E-7 0.15019784561520283 0.8498017591283489 
4.0322531867905E-7 0.14112926476298618 0.8588703320116952 
0.7680603406155811 0.12167324523964423 0.11026641414477474 
3.745314143841786E-7 0.14981294028508585 0.8501866851834998 
3.984058983196434E-7 0.15139463976736284 0.8486049618267388 
3.8759644853126143E-7 0.12790721561176482 0.8720923967917867 
3.906245422368646E-7 0.14453147125218216 0.8554681381232757 
3.906245422368646E-7 0.1484377166745508 0.8515618927009071 
3.921564013846258E-7 0.176470772779483 0.8235288350641156 
3.860999388803797E-7 0.1081083689864452 0.891891244913616 
3.8910460415804966E-7 0.14786013868466305 0.8521394722107329 
4.048578078650107E-7 0.11336059106001085 0.8866390040821812 
3.831413220597831E-7 0.12643701942105048 0.8735625974376275 
0.7706761984854905 0.08270704957851552 0.14661675193599408 
3.952564483125119E-7 0.08695681388520092 0.9130427908583507 
3.99999520000576E-7 0.11200026559968128 0.8879993344007987 
3.984058983196434E-7 0.12350622688498777 0.8764933747091139 
3.7593942563222676E-7 0.16165432896128315 0.8383452950992913 
3.8461494082891446E-7 0.11153871745532602 0.8884608979297333 
4.0322531867905E-7 0.09274222652150017 0.9072573702531811 
3.93700322401194E-7 0.1259844968687045 0.874015109430973 
3.8910460415804966E-7 0.12062281639359955 0.8793767945017964 
4.048578078650107E-7 0.0850205445094601 0.914979050632732 
3.831413220597831E-7 0.08429147399447434 0.9157081428642037 
0.7857137755107796 0.09022583809116005 0.12406038639806047 
4.048578078650107E-7 0.09311770066676033 0.9068818944754318 
3.860999388803797E-7 0.08494237265362241 0.9150572412464388 
3.8910460415804966E-7 0.09338549410253608 0.9066141167928599 
4.098355616775881E-7 0.09426258902140694 0.9057370011430314 
3.831413220597831E-7 0.09195430043567 0.908045316423008 
3.8022770316231585E-7 0.09885958304990528 0.9011400367223916 
3.8910460415804966E-7 0.08949444806095558 0.9105051628344404 
3.676466533308971E-7 0.0919120309793776 0.9080876013739692 
3.731339106709956E-7 0.10820920722849937 0.89179041963759 
3.773580633682302E-7 0.09056631256643861 0.9094333100754981 
0.7692302902231244 0.12087935434503187 0.10989035543184385 
3.731339106709956E-7 0.09328385080165956 0.9067157760644299 
3.921564013846258E-7 0.07451010841948029 0.9254894994241183 
3.93700322401194E-7 0.0590554420605015 0.940944164239176 
3.952564483125119E-7 0.07114655595270045 0.9288530487908512 
3.921564013846258E-7 0.06274541637794151 0.937254191465657 
3.952564483125119E-7 0.05533629802019997 0.9446633067233516 
3.831413220597831E-7 0.07279723433268084 0.9272023825259972 
3.921564013846258E-7 0.05098072433640274 0.9490188835071959 
3.831413220597831E-7 0.06130299467088735 0.9386966221877907 
3.816789522760089E-7 0.0610690140431137 0.9389306042779341 
0.802973453932951 0.07806719918156226 0.11895934688548676 
3.8910460415804966E-7 0.03891084952040912 0.9610887613749868 
3.8759644853126143E-7 0.038760032449574676 0.9612395799539769 
3.984058983196434E-7 0.02788881128827336 0.9721107903058283 
3.8022770316231585E-7 0.03802315054393474 0.9619764692283622 
3.8759644853126143E-7 0.04263599693488729 0.9573636154686642 
4.0650356930459027E-7 0.012195513582707013 0.9878040799137237 
3.831413220597831E-7 0.04597734178849603 0.954022275070182 
3.860999388803797E-7 0.038610379987976846 0.9613892339120843 
3.921564013846258E-7 0.04705916032255648 0.9529404475210421 
3.8022770316231585E-7 0.026616319449065267 0.9733833003232315 
0.8174899420266821 0.06844136679692 0.11406869117639791 
3.8759644853126143E-7 0.03488406796426206 0.9651155444392895 
3.8759644853126143E-7 0.038760032449574676 0.9612395799539769 
3.860999388803797E-7 0.030888381210369256 0.9691112326896919 
3.831413220597831E-7 0.026820275685506875 0.9731793411731712 
3.831413220597831E-7 0.007663209582517722 0.9923364072761602 
3.816789522760089E-7 0.01908432929275272 0.980915289028295 
3.8910460415804966E-7 0.023346665354087137 0.9766529455413088 
3.984058983196434E-7 3.984058983196434E-7 0.9999992031882033 
3.8759644853126143E-7 3.8759644853126143E-7 0.9999992248071029 
3.816789522760089E-7 0.034351487383793074 0.9656481309372548 
0.8962956707825881 0.07037066255111568 0.0333336666662963 
0.7803025223834974 0.1174244877752033 0.10227298984129943 
3.8022770316231585E-7 0.015209488354195794 0.984790131418101 
0.755473990356945 0.13138708242290248 0.11313892722015269 
0.732600293845831 0.11721635470730254 0.15018335144686656 
0.7283014396587476 0.12830211890326165 0.14339644143799085 
0.7346149215981674 0.11923101627190431 0.14615406212992835 
0.721373601480609 0.14122159402107556 0.1374048044983155 
0.6836359814880203 0.17818198743783192 0.13818203107414795 
0.7126432421725186 0.13409984586224616 0.1532569119652353 
0.6688959843853 0.16722424693219373 0.16387976868250637 
0.6456689224382806 0.17716553878085972 0.17716553878085972 
0.88768055686896 0.07246405166950906 0.03985539146153102 
0.7220072718062489 0.1042473695976414 0.17374535859610976 
0.6824813695459458 0.1459856065851023 0.171533023868952 
0.6857139081636698 0.14285734693855687 0.17142874489777335 
0.6774189848541382 0.12544825220618044 0.19713276293968146 
0.6549015824687265 0.176470772779483 0.16862764475179048 
0.6095614228349527 0.17529899366654145 0.2151395834985058 
0.6363633057854846 0.15636382942127702 0.20727286479323842 
0.6704541623626944 0.15909110709343893 0.17045473054386684 
0.6691446069019255 0.15241655864324316 0.1784388344548315 
0.6666662745102653 0.1294120046133279 0.2039217208764068 
0.8916961461774591 0.07220244887821421 0.03610140494432678 
0.6445308853153688 0.16015645294165673 0.19531266174297454 
0.5851849053501053 0.17407425102861 0.2407408436212849 
0.5719175630983941 0.1712330432537227 0.2568493936478833 
0.5766420693699971 0.18248191699060187 0.24087601363940114 
0.593984668438344 0.14661675193599408 0.2593985796256621 
0.5888886049385872 0.18148165020557386 0.2296297448558391 
0.615999660800407 0.18800017439979072 0.19600016479980226 
0.6190472789119695 0.17460336356742434 0.20634935752060612 
0.5496686592695438 0.17218559054411536 0.2781457501863409 
0.5525289270090347 0.210116875349951 0.23735419764101445 
0.8832110767761934 0.08029224785520309 0.03649667536860361 
0.5811317949451379 0.15471718333903775 0.2641510217158245 
0.5894305819952252 0.19918715546281854 0.21138226254195625 
0.5593867133486053 0.19157104417121362 0.2490422424801811 
0.5573119873770901 0.17391323251395355 0.2687747801089564 
0.5196848192698985 0.19291355167690746 0.28740162905319405 
0.5076333882060441 0.17175591020315628 0.32061070159079974 
0.5265149319906076 0.1969698519281986 0.2765152160811939 
0.47955374027463915 0.23420085405109217 0.2862454056742688 
0.5403223302552457 0.19354855619126268 0.26612911355349167 
0.5102038650564917 0.1632655143687579 0.3265306205747503 
0.8821422691332832 0.06785742729561361 0.05000030357110332 
0.5129149303524757 0.19188207540729663 0.29520299424022783 
0.4759998288002054 0.200000159999808 0.32400001119998656 
0.4509802537487211 0.21176484890409933 0.3372548973471796 
0.4798533188425068 0.20879134565053595 0.3113553355069574 
0.4482757299512683 0.20689669705360494 0.34482757299512684 
0.5057469282602358 0.22988517637719194 0.26436789536257244 
0.5019453284684883 0.210116875349951 0.2879377961815609 
0.47565527079932124 0.2134832807303962 0.31086144847028263 
0.46441932836779587 0.20599265244271264 0.3295880191894916 
0.47744344649235365 0.2142858485497949 0.3082707049578516 
0.8676464695075705 0.06985323177952378 0.06250029871290584 
0.516259939520399 0.20731722684891035 0.2764228336306907 
0.4022139458886208 0.2509226004546859 0.3468634536566934 
0.4220531307378737 0.23193927915671583 0.34600759010541055 
0.4312975977508423 0.24427491113559796 0.32442749111355984 
0.40601495562223056 0.2556391853693398 0.33834585900842973 
0.4192306701184576 0.20000015384597636 0.38076917603556615 
0.4078430495964122 0.23137266897333061 0.36078428143025715 
0.4124086725452491 0.24087601363940114 0.34671531381534987 
0.3959999248000902 0.22800012639984832 0.37599994880006143 
0.4389311767963625 0.22900775304455762 0.33206107015908 
0.8759683612770993 0.05813985487613774 0.06589178384676297 
0.3900414231849504 0.23651464334276762 0.373443933472282 
0.39033450892062205 0.2304833860780081 0.37918210500136995 
0.31557379232730454 0.2131149019079075 0.47131130576478797 
0.40769222189359017 0.2038463032542655 0.38846147485214444 
0.380228083390019 0.27376432650457055 0.34600759010541055 
0.30711613432644086 0.2958801918949155 0.39700367377864376 
0.3632652694710986 0.20816341857540582 0.42857131195349557 
0.32319392791567164 0.24714838728320845 0.42965768480112004 
0.33984374237061443 0.2929687973021907 0.36718746032719496 
0.3192307855029398 0.22692319970400038 0.4538460147930599 
