0.9141784542778497 0.05970179884126996 0.026119746880880357 
0.8819182118986585 0.06642095968159445 0.05166082841974714 
0.2886179407098284 0.2682927622445989 0.4430892970455727 
0.3280000063999923 0.2680000783999059 0.40399991520010176 
0.24031018568583062 0.29069772399489463 0.46899209031927486 
0.28514062031250564 0.26907638263889644 0.4457829970485979 
0.3548386836628827 0.22177432849879616 0.4233869878383212 
0.27272734459208153 0.30039529597395737 0.42687735943396116 
0.265873096182822 0.26984134542696975 0.46428555839020824 
0.2644928284498242 0.2753623818524835 0.4601447896976924 
0.26422772655155297 0.24796758377936937 0.48780468966907764 
0.30384618786978324 0.27692314201175927 0.4192306701184576 
0.881889115878997 0.06692944850852538 0.05118143561247762 
0.2909836586266492 0.2909836586266492 0.4180326827467015 
0.26436789536257244 0.3026820275685507 0.43295007706887695 
0.2830882907114441 0.27573535764482615 0.44117635164372987 
0.20833347537862648 0.29166671401509775 0.49999981060627585 
0.22088366961806874 0.27710850147570104 0.5020078289062302 
0.22357736962109395 0.2804878693237366 0.4959347610551694 
0.22014938042979806 0.3022388407774171 0.477611778792785 
0.25855521837807793 0.29277571166268634 0.44866906995923583 
0.21093764343244914 0.300781288146928 0.48828106842062297 
0.1830359155768988 0.2723215102836916 0.5446425741394096 
0.8528296005702636 0.09056631256643861 0.056604086863297896 
0.18081197696091114 0.32841328957938426 0.4907747334597047 
0.19166684374977866 0.3291666718749935 0.47916648437522785 
0.18959123837408362 0.2936803416204369 0.5167284200054796 
0.16734714202390774 0.3102041099541511 0.5224487480219412 
0.1297073685681566 0.32635984138932045 0.5439327900425229 
0.1562502075192881 0.3203125152587712 0.5234372772219408 
0.13492087112594708 0.3253968348450379 0.539682294029015 
0.1861315480311518 0.3248175275720501 0.48905092439679815 
0.13229595451834106 0.32295721055578536 0.5447468349258737 
0.13502134807424296 0.31645571756660223 0.5485229343591548 
0.8639700029742615 0.06617676524621481 0.06985323177952378 
0.1591838867136081 0.3183673652644507 0.5224487480219412 
0.13357422356582288 0.3321299652022038 0.5342958112319734 
0.13779550654074033 0.3385826709653493 0.5236218224939104 
0.08571458892091152 0.3999999183674469 0.5142854927116416 
0.10800027039967551 0.29200004959994047 0.599999680000384 
0.10833361458298177 0.35416664062503256 0.5374997447919857 
0.08333363095202664 0.3492063303099242 0.5674600387380491 
0.10441794648440182 0.3574296898437472 0.538152363671851 
0.09411792848871157 0.3333333333333333 0.572548738177955 
0.08235323644717281 0.3254902053056408 0.5921565582471864 
0.8745381462677349 0.05166082841974714 0.07380102531251811 
0.09398523234748232 0.3759398015716524 0.5300749660808654 
0.06302555080812923 0.3403361256267324 0.5966383235651384 
0.06276184590563275 0.3640166978869901 0.5732214562073772 
0.06250033854124348 0.32500001041665366 0.6124996510421028 
0.02834045140835861 0.3805667442509179 0.5910928043407234 
0.03225842871964268 0.33467741772893017 0.6330641535514271 
0.01851895576070959 0.38425918852890484 0.5972218557103856 
0.025751468989524903 0.38626602626691897 0.5879825047435561 
0.00819712106911344 0.3606557041118392 0.6311471748190474 
4.048578078650107E-7 0.39676105656551836 0.6032385385766738 
0.8345318332390289 0.10071967548236459 0.06474849127860653 
0.00757612775440028 0.38257570161852095 0.6098481706270789 
3.745314143841786E-7 0.4044943020663273 0.5955053234022584 
3.8022770316231585E-7 0.36501897526352634 0.6349806445087706 
3.831413220597831E-7 0.3371647465539312 0.6628348703047469 
4.0650356930459027E-7 0.37804872595683825 0.6219508675395924 
4.201675376039442E-7 0.33613445025069294 0.6638651295817695 
3.99999520000576E-7 0.3599999680000384 0.6399996320004416 
3.7593942563222676E-7 0.34962404177739653 0.6503755822831779 
4.132226282364113E-7 0.35950409978830605 0.6404954869890657 
3.8022770316231585E-7 0.37642580635839584 0.6235738134139011 
0.8351642837022524 0.08058635833000917 0.0842493579677385 
4.219403941682774E-7 0.3713079688084783 0.6286916092511275 
4.132226282364113E-7 0.3471074209412137 0.6528921658361581 
4.048578078650107E-7 0.29149802652061557 0.7085015686215765 
4.219403941682774E-7 0.3248945254499678 0.675105052609638 
4.219403941682774E-7 0.3333333333333333 0.6666662447262725 
4.132226282364113E-7 0.35537187350594196 0.6446277132714299 
4.149372428167102E-7 0.34024895404694516 0.659750631015812 
3.8759644853126143E-7 0.3217054398773955 0.6782941725261561 
3.8022770316231585E-7 0.32699620494729476 0.6730034148250021 
3.984058983196434E-7 0.33864541197759523 0.6613541896165064 
0.8415088586692167 0.09433989320012091 0.0641512481306625 
4.0650356930459027E-7 0.34146340471942516 0.6585361887770056 
3.984058983196434E-7 0.354581647910381 0.6454179536837207 
4.3859591412818316E-7 0.3245614150507697 0.6754381463533162 
4.0160594184023074E-7 0.3012048579861149 0.6987947404079433 
3.8910460415804966E-7 0.2879377961815609 0.712061814713835 
4.2372827492168443E-7 0.3135593471703214 0.6864402291014037 
3.745314143841786E-7 0.31835207675796623 0.6816475487106195 
4.4247728874696187E-7 0.33628318192497975 0.6637163755977314 
4.149372428167102E-7 0.33609958161877806 0.6639000034439791 
3.906245422368646E-7 0.2773438156127161 0.7226557937627417 
0.8285708979597523 0.09642882525483008 0.07500027678541774 
3.787874483475966E-7 0.28030309056466984 0.7196965306478819 
3.787874483475966E-7 0.26136371814729004 0.7386359030652617 
3.9682492441477255E-7 0.265873096182822 0.7341265069922536 
3.906245422368646E-7 0.29687504272455933 0.7031245666508985 
3.921564013846258E-7 0.2705883091117932 0.7294112987318054 
3.906245422368646E-7 0.3164062698364026 0.6835933395390553 
3.8910460415804966E-7 0.2801557040983999 0.7198439067969961 
4.273498794659665E-7 0.30341884177071565 0.6965807308794049 
3.984058983196434E-7 0.2509961143472737 0.749003487246828 
3.952564483125119E-7 0.256917086659581 0.7430825180839706 
0.8178689162863406 0.09278375314389711 0.08934733056976231 
3.8022770316231585E-7 0.34220531307378743 0.6577943066985096 
3.9682492441477255E-7 0.265873096182822 0.7341265069922536 
3.8910460415804966E-7 0.2918288422231414 0.7081707686722545 
3.99999520000576E-7 0.2800000639999232 0.7199995360005568 
4.048578078650107E-7 0.25910940189141474 0.7408901932507774 
4.2372827492168443E-7 0.26271195417971926 0.7372876220920058 
3.906245422368646E-7 0.23046887054429235 0.7695307388311655 
3.9682492441477255E-7 0.3174603363567424 0.6825392668183331 
4.08162765514981E-7 0.25306132278205373 0.7469382690551807 
3.860999388803797E-7 0.2393823482057743 0.7606172656942869 
0.9270066492627929 0.05109519953080344 0.021898151206403788 
0.8339477852976547 0.07380102531251811 0.09225118938982725 
3.93700322401194E-7 0.2637796097091224 0.7362199965905551 
4.184095166407741E-7 0.2510461283939811 0.7489534531965022 
4.132226282364113E-7 0.23966953759974677 0.7603300491776249 
3.952564483125119E-7 0.24901195769333082 0.7509876470502209 
3.7593942563222676E-7 0.24060160834405078 0.7593980157165237 
3.921564013846258E-7 0.2588236170702544 0.7411759907733442 
3.860999388803797E-7 0.2393823482057743 0.7606172656942869 
3.921564013846258E-7 0.1882354648210218 0.8117641430225768 
4.0322531867905E-7 0.22983883487237716 0.7701607619023041 
4.291839967588025E-7 0.18884138775786985 0.8111581830581334 
0.8259253786014312 0.08888916049352538 0.08518546090504345 
3.921564013846258E-7 0.2235295409456381 0.7764700668979605 
3.99999520000576E-7 0.2400001119998656 0.7599994880006143 
3.8759644853126143E-7 0.22868229222989278 0.7713173201736587 
3.773580633682302E-7 0.2264152153790015 0.7735844072629352 
4.0650356930459027E-7 0.21138226254195625 0.7886173309544744 
4.0160594184023074E-7 0.22489972903647104 0.7750998693575871 
3.952564483125119E-7 0.2055337483789545 0.7944658563645972 
3.93700322401194E-7 0.21653557102097912 0.7834640352786985 
3.8461494082891446E-7 0.19230785502939807 0.8076917603556611 
3.860999388803797E-7 0.21235535248414772 0.7876442614159135 
0.8389507427519745 0.07865197155209189 0.08239728569593369 
4.0322531867905E-7 0.18145179663089117 0.8185478001437901 
3.9682492441477255E-7 0.17857161281157205 0.8214279903635036 
4.0322531867905E-7 0.21370982212521517 0.7862897746494661 
4.0160594184023074E-7 0.2048194319444595 0.7951801664495987 
3.8759644853126143E-7 0.22868229222989278 0.7713173201736587 
3.8461494082891446E-7 0.18461555621281978 0.8153840591722394 
4.08162765514981E-7 0.1632655143687579 0.8367340774684765 
3.99999520000576E-7 0.21200014559982527 0.7879994544006547 
3.745314143841786E-7 0.15730356857276942 0.8426960568958163 
4.0160594184023074E-7 0.1526106595052295 0.8473889388888286 
0.848836609879911 0.0736437128173882 0.07751967730270082 
3.8461494082891446E-7 0.14615406212992835 0.8538455532551309 
3.952564483125119E-7 0.1857709259633289 0.8142286787802228 
3.8759644853126143E-7 0.2015505408327045 0.7984490715708471 
4.201675376039442E-7 0.14705905832891808 0.8529405215035443 
3.952564483125119E-7 0.17391323251395355 0.8260863722295981 
3.787874483475966E-7 0.19318197744472262 0.8068176437678292 
3.984058983196434E-7 0.1474105807841664 0.8525890208099353 
3.9682492441477255E-7 0.1547621173466857 0.8452374858283899 
3.952564483125119E-7 0.15415041009832794 0.8458491946452237 
4.0322531867905E-7 0.1451615179497767 0.8548380788249046 
0.7832694487420737 0.12167324523964423 0.09505730601828212 
3.745314143841786E-7 0.14981294028508585 0.8501866851834998 
3.984058983196434E-7 0.15139463976736284 0.8486049618267388 
3.8759644853126143E-7 0.13178318009707743 0.8682164323064742 
3.906245422368646E-7 0.14453147125218216 0.8554681381232757 
3.906245422368646E-7 0.1484377166745508 0.8515618927009071 
3.921564013846258E-7 0.176470772779483 0.8235288350641156 
3.860999388803797E-7 0.1235523665416604 0.8764472473584008 
3.8910460415804966E-7 0.15564223076782402 0.8443573801275719 
4.048578078650107E-7 0.12550632529596117 0.8744932698462309 
3.831413220597831E-7 0.12643701942105048 0.8735625974376275 
0.7969919582797463 0.07518826106587098 0.12781978065438274 
3.952564483125119E-7 0.09090937836832604 0.9090902263752256 
3.99999520000576E-7 0.11600026079968703 0.883999339200793 
3.984058983196434E-7 0.12350622688498777 0.8764933747091139 
3.7593942563222676E-7 0.16165432896128315 0.8383452950992913 
3.8461494082891446E-7 0.11153871745532602 0.8884608979297333 
4.0322531867905E-7 0.09274222652150017 0.9072573702531811 
3.93700322401194E-7 0.13385850331672838 0.8661411029829492 
3.8910460415804966E-7 0.12062281639359955 0.8793767945017964 
4.048578078650107E-7 0.08906912258811021 0.9109304725540819 
3.831413220597831E-7 0.08429147399447434 0.9157081428642037 
0.7932325640234241 0.07894765532219325 0.12781978065438274 
4.048578078650107E-7 0.09716627874541042 0.9028333163967817 
3.860999388803797E-7 0.0888033720424262 0.911196241857635 
3.8910460415804966E-7 0.10116758618569707 0.8988320247096988 
4.098355616775881E-7 0.09836094463818282 0.9016386455262555 
3.831413220597831E-7 0.09195430043567 0.908045316423008 
3.8022770316231585E-7 0.10266186008152843 0.8973377596907685 
3.8910460415804966E-7 0.08949444806095558 0.9105051628344404 
3.676466533308971E-7 0.10294143057930451 0.8970582017740423 
3.731339106709956E-7 0.10820920722849937 0.89179041963759 
3.773580633682302E-7 0.09433989320012091 0.9056597294418158 
0.7875452884117711 0.10989035543184385 0.10256435615638518 
3.731339106709956E-7 0.0970151899083695 0.9029844369577199 
3.921564013846258E-7 0.07843167243332655 0.921567935410272 
3.93700322401194E-7 0.06692944850852538 0.9330701577911522 
3.952564483125119E-7 0.07509912043582556 0.9249004843077261 
3.921564013846258E-7 0.06274541637794151 0.937254191465657 
3.952564483125119E-7 0.059288862503325095 0.9407107422402265 
3.831413220597831E-7 0.07279723433268084 0.9272023825259972 
3.921564013846258E-7 0.05882385236409526 0.9411757554795034 
3.831413220597831E-7 0.06130299467088735 0.9386966221877907 
3.816789522760089E-7 0.0610690140431137 0.9389306042779341 
0.795538517986783 0.07434973120847821 0.1301117508047389 
3.8910460415804966E-7 0.03891084952040912 0.9610887613749868 
3.8759644853126143E-7 0.038760032449574676 0.9612395799539769 
3.984058983196434E-7 0.03984098823786266 0.960158613356239 
3.8022770316231585E-7 0.03802315054393474 0.9619764692283622 
3.8759644853126143E-7 0.0465119614201999 0.9534876509833516 
4.0650356930459027E-7 0.016260549275752913 0.9837390442206777 
3.831413220597831E-7 0.04597734178849603 0.954022275070182 
3.860999388803797E-7 0.038610379987976846 0.9613892339120843 
3.921564013846258E-7 0.04705916032255648 0.9529404475210421 
3.8022770316231585E-7 0.026616319449065267 0.9733833003232315 
0.8022808339001896 0.07604592086016633 0.12167324523964423 
3.8759644853126143E-7 0.03488406796426206 0.9651155444392895 
3.8759644853126143E-7 0.038760032449574676 0.9612395799539769 
3.860999388803797E-7 0.030888381210369256 0.9691112326896919 
3.831413220597831E-7 0.026820275685506875 0.9731793411731712 
3.831413220597831E-7 0.007663209582517722 0.9923364072761602 
3.816789522760089E-7 0.01908432929275272 0.980915289028295 
3.8910460415804966E-7 0.023346665354087137 0.9766529455413088 
3.984058983196434E-7 3.984058983196434E-7 0.9999992031882033 
3.8759644853126143E-7 3.8759644853126143E-7 0.9999992248071029 
3.816789522760089E-7 0.030534697861032984 0.9694649204600149 
0.903703069959552 0.07037066255111568 0.02592626748933242 
0.7727267734165454 0.12500023674215524 0.10227298984129943 
3.8022770316231585E-7 0.011407211322572637 0.9885924084497242 
0.7664228834785948 0.13138708242290248 0.10219003409850282 
0.7655672905853951 0.10989035543184385 0.12454235398276121 
0.7320750202924299 0.11698137700221473 0.15094360270535545 
0.7423072204147457 0.12307716568019347 0.1346156139050609 
0.7404575490944095 0.1374048044983155 0.12213764640727513 
0.7127268588434268 0.1490911100824254 0.13818203107414795 
0.7126432421725186 0.13409984586224616 0.1532569119652353 
0.6655515061356126 0.1739132034315685 0.16053529043281897 
0.6692909417823523 0.1653545291088239 0.1653545291088239 
0.8913037413365131 0.06884086720195594 0.03985539146153102 
0.7220072718062489 0.111969368375249 0.16602335981850216 
0.7007295247486955 0.1277374513823525 0.171533023868952 
0.6999996071432781 0.150000196428361 0.150000196428361 
0.6881716614641633 0.11827980113283035 0.1935485374030064 
0.6588231464825728 0.18431390080717552 0.15686295271025172 
0.6135454818181492 0.17529899366654145 0.21115552451530936 
0.669090542810317 0.13454567140472212 0.196363785784961 
0.6818177858131222 0.151515358126487 0.16666685606039086 
0.6877319467673457 0.14126415472399104 0.1710038985086634 
0.6745094025379578 0.11372574855794287 0.21176484890409933 
0.920576981324569 0.05054182251788175 0.028881196157549287 
0.664062112427212 0.14062522582981352 0.19531266174297454 
0.6222219012349246 0.17407425102861 0.2037038477364655 
0.5856161791614598 0.16095908120642344 0.25342473963211687 
0.6021894866538468 0.16788339282840203 0.2299271205177513 
0.6203004282325998 0.13909796342334954 0.24060160834405078 
0.5777775061731414 0.17407425102861 0.24814824279824876 
0.615999660800407 0.1800001839997792 0.20400015519981377 
0.6190472789119695 0.16666686507912887 0.21428585600890157 
0.5496686592695438 0.17880810052175447 0.27152324020870183 
0.5719841572169372 0.2062258293083705 0.22179001347469246 
0.8941599698978433 0.06934335473355321 0.03649667536860361 
0.5811317949451379 0.16226434460640235 0.2566038604484599 
0.5894305819952252 0.20731722684891035 0.20325219115586446 
0.5747123662309968 0.18007680450942012 0.24521082925958326 
0.5731222453095906 0.1620555390645782 0.2648222156258313 
0.5354328321659463 0.18897654845289552 0.2755906193811582 
0.5343509148653647 0.160305541634876 0.3053435434997594 
0.5492421788914634 0.1969698519281986 0.2537879691803381 
0.5092934840593115 0.2304833860780081 0.2602231298626805 
0.5040320515741311 0.20967756893842468 0.2862903794874442 
0.5224487480219412 0.1632655143687579 0.3142857376093009 
0.8999993928577934 0.05357172831600538 0.04642887882620126 
0.5202949959833993 0.19188207540729663 0.28782292860930414 
0.49999980000023997 0.18400017919978498 0.316000020799975 
0.4588233817764136 0.2156864129179456 0.3254902053056408 
0.5018313166688828 0.20146534637507726 0.29670333695604 
0.4367814902894748 0.20689669705360494 0.35632181265692037 
0.5249039943632249 0.21839093671539844 0.25670506892137673 
0.5097274205516492 0.2140079213915315 0.27626465805681943 
0.49438184151853015 0.20599265244271264 0.2996255060387573 
0.4681646425116377 0.20599265244271264 0.32584270504564977 
0.49248102351764267 0.19924827152450583 0.3082707049578516 
0.8786758691074974 0.07352969831283275 0.04779443257966995 
0.4959347610551694 0.21544729823500217 0.2886179407098284 
0.4095940115195445 0.24723256763922405 0.3431734208412316 
0.44866906995923583 0.21673017103022318 0.3346007590105411 
0.4389311767963625 0.2557252797038782 0.3053435434997594 
0.40601495562223056 0.25187979111301756 0.342105253264752 
0.43076911834332504 0.1961540044376872 0.37307687721898786 
0.3999999215687197 0.23921579700102313 0.36078428143025715 
0.42335756566689897 0.24087601363940114 0.3357664206937 
0.41599990080011906 0.22800012639984832 0.35599997280003265 
0.45801512441016295 0.21755738447627734 0.32442749111355984 
0.8914722192183498 0.05813985487613774 0.05038792590551251 
0.4066389128976188 0.23236527091460052 0.3609958161877807 
0.39033450892062205 0.23420085405109217 0.37546463702828586 
0.31557379232730454 0.22540996875823513 0.45901623891446036 
0.43846141715990333 0.1961540044376872 0.36538457840240957 
0.4220531307378737 0.25855521837807793 0.3193916508840485 
0.322097390901808 0.2958801918949155 0.38202241720327657 
0.3714285247813982 0.20408179092025602 0.42448968429834577 
0.34220531307378743 0.24334611025158528 0.4144485766746274 
0.3437499877929831 0.29687504272455933 0.3593749694824577 
0.34615383136096384 0.22692319970400038 0.4269229689350359 
