0.9253724715979796 0.05597045973456 0.018657068667460447 
0.8745381462677349 0.07749105812797993 0.04797079560428531 
0.3008130477889661 0.2520326194724153 0.4471543327386186 
0.316000020799975 0.27600006879991745 0.4079999104001075 
0.25193807914176847 0.2790698305389568 0.46899209031927486 
0.2730924420572987 0.2650603232204941 0.4618472347222072 
0.35887093684967314 0.22177432849879616 0.41935473465153067 
0.2648222156258313 0.2964427314908322 0.4387350528833365 
0.25793659769452654 0.26984134542696975 0.4722220568785037 
0.257246459514718 0.2681160129173773 0.47463752756790484 
0.2560976551654612 0.26422772655155297 0.47967461828298585 
0.29230773964491585 0.27692314201175927 0.43076911834332504 
0.8503930900869014 0.08267746140457315 0.06692944850852538 
0.2786885917763216 0.29918036986020097 0.42213103836347743 
0.26819930858317026 0.29118778790675726 0.44061290351007265 
0.25735302497828133 0.2830882907114441 0.4595586843102747 
0.20075772641167455 0.29166671401509775 0.5075755595732278 
0.22891578845487334 0.28514062031250564 0.485943591232621 
0.22764240531413987 0.2845529050167825 0.48780468966907764 
0.223880719536508 0.2985075016707071 0.477611778792785 
0.24334611025158528 0.3003802657259327 0.45627362402248217 
0.22265637969955507 0.2851563064574534 0.49218731384299164 
0.1830359155768988 0.27678579001903125 0.54017829440407 
0.8415088586692167 0.09433989320012091 0.0641512481306625 
0.18081197696091114 0.32841328957938426 0.4907747334597047 
0.19166684374977866 0.3333333333333333 0.474999822916888 
0.19330870634716768 0.28996287364735285 0.5167284200054796 
0.16734714202390774 0.30612248229900124 0.526530375677091 
0.12133917823534113 0.3221757462229127 0.5564850755417462 
0.16015645294165673 0.3085937789916653 0.5312497680666781 
0.1388891203700948 0.3174603363567424 0.5436505432731628 
0.17518265490950194 0.3248175275720501 0.499999817518448 
0.12451386243518006 0.3112840724310439 0.5642020651337761 
0.14767955989929127 0.3080169096832367 0.544303530417472 
0.8455876703077166 0.0919120309793776 0.06250029871290584 
0.1551022590584583 0.3265306205747503 0.5183671203667913 
0.12274391038565664 0.32851986080881507 0.5487362288055284 
0.14173250976475224 0.3346456677413373 0.5236218224939104 
0.08163296126576171 0.3999999183674469 0.5183671203667913 
0.10800027039967551 0.284000059199929 0.6079996704003955 
0.0916669687496224 0.3583333020833724 0.5499997291670052 
0.09127012944032209 0.33730158257748105 0.5714282879821968 
0.11245006532120644 0.35341363042534485 0.5341363042534487 
0.10588262053025035 0.3215686412917946 0.572548738177955 
0.08235323644717281 0.3176470772779483 0.5999996862748789 
0.8634680478213493 0.0590408940506708 0.07749105812797993 
0.09398523234748232 0.3796991958279747 0.5263155718245431 
0.06302555080812923 0.3403361256267324 0.5966383235651384 
0.05020956040640953 0.3640166978869901 0.5857737417066003 
0.06250033854124348 0.32500001041665366 0.6124996510421028 
0.02834045140835861 0.3765181661722678 0.5951413824193735 
0.024193922346061675 0.3387096709157207 0.6370964067382177 
0.01851895576070959 0.37499994212971 0.6064811021095804 
0.02145962902193688 0.3776823463317429 0.6008580246463202 
0.00819712106911344 0.3565573484950633 0.6352455304358232 
4.048578078650107E-7 0.38866390040821813 0.611335694733974 
0.8129491227167741 0.11510814916386783 0.07194272811935815 
0.00757612775440028 0.374999952651569 0.6174239195940309 
3.745314143841786E-7 0.40074898792248553 0.5992506375461002 
3.8022770316231585E-7 0.3498098671370337 0.6501897526352632 
3.831413220597831E-7 0.3256705068921377 0.6743291099665403 
4.0650356930459027E-7 0.37804872595683825 0.6219508675395924 
4.201675376039442E-7 0.33613445025069294 0.6638651295817695 
3.99999520000576E-7 0.35599997280003265 0.6439996272004473 
3.7593942563222676E-7 0.34962404177739653 0.6503755822831779 
4.132226282364113E-7 0.3512396472235778 0.648759939553794 
3.8022770316231585E-7 0.37642580635839584 0.6235738134139011 
0.8315012840645231 0.08791235760546784 0.08058635833000917 
4.219403941682774E-7 0.36286916092511273 0.637130417134493 
4.132226282364113E-7 0.3471074209412137 0.6528921658361581 
4.048578078650107E-7 0.28744944844196546 0.7125501467002266 
4.219403941682774E-7 0.32067512150828503 0.6793244565513208 
4.219403941682774E-7 0.3248945254499678 0.675105052609638 
4.132226282364113E-7 0.3512396472235778 0.648759939553794 
4.149372428167102E-7 0.34439832647511226 0.655601258587645 
3.8759644853126143E-7 0.3217054398773955 0.6782941725261561 
3.8022770316231585E-7 0.3193916508840485 0.6806079688882485 
3.984058983196434E-7 0.3346613529943988 0.6653382485997028 
0.8528296005702636 0.10188705446748551 0.04528334496225099 
4.0650356930459027E-7 0.3333333333333333 0.6666662601630974 
3.984058983196434E-7 0.3585657068935774 0.6414338947005243 
4.3859591412818316E-7 0.3245614150507697 0.6754381463533162 
4.0160594184023074E-7 0.2971887985677126 0.7028107998263455 
3.8910460415804966E-7 0.28404675013998043 0.7159528607554155 
4.2372827492168443E-7 0.3135593471703214 0.6864402291014037 
3.745314143841786E-7 0.30711613432644086 0.6928834911421449 
4.4247728874696187E-7 0.3318584090375101 0.6681411484852011 
4.149372428167102E-7 0.32780083676244387 0.6721987483003133 
3.906245422368646E-7 0.2695313247679788 0.730468284607479 
0.8178566237250461 0.10000024999973214 0.08214312627522186 
3.787874483475966E-7 0.2840909650481458 0.7159086561644059 
3.787874483475966E-7 0.26136371814729004 0.7386359030652617 
3.9682492441477255E-7 0.25396834845037886 0.7460312547246968 
3.906245422368646E-7 0.28906255187982205 0.7109370574956358 
3.921564013846258E-7 0.26666674509794697 0.7333328627456517 
3.906245422368646E-7 0.3125000244140339 0.6874995849614239 
3.8910460415804966E-7 0.28404675013998043 0.7159528607554155 
4.273498794659665E-7 0.299145342976056 0.7008542296740645 
3.984058983196434E-7 0.2390439373976844 0.7609556641964172 
3.952564483125119E-7 0.24505939321020567 0.754940211533346 
0.8006868034156667 0.10309302086630152 0.09622017571803192 
3.8022770316231585E-7 0.32699620494729476 0.6730034148250021 
3.9682492441477255E-7 0.265873096182822 0.7341265069922536 
3.8910460415804966E-7 0.2918288422231414 0.7081707686722545 
3.99999520000576E-7 0.284000059199929 0.7159995408005511 
4.048578078650107E-7 0.2550608238127646 0.7449387713294275 
4.2372827492168443E-7 0.26271195417971926 0.7372876220920058 
3.906245422368646E-7 0.234375115966661 0.7656244934087969 
3.9682492441477255E-7 0.3174603363567424 0.6825392668183331 
4.08162765514981E-7 0.2408164398166043 0.7591831520206301 
3.860999388803797E-7 0.2355213488169705 0.7644782650830907 
0.912408125100593 0.06569372369300326 0.021898151206403788 
0.8191876540358074 0.08856115657436542 0.09225118938982725 
3.93700322401194E-7 0.2637796097091224 0.7362199965905551 
4.184095166407741E-7 0.2510461283939811 0.7489534531965022 
4.132226282364113E-7 0.22727285875265443 0.7727267280247173 
3.952564483125119E-7 0.25296452217645593 0.7470350825670957 
3.7593942563222676E-7 0.22932342557508398 0.7706761984854905 
3.921564013846258E-7 0.2509804890425619 0.7490191188010367 
3.860999388803797E-7 0.2393823482057743 0.7606172656942869 
3.921564013846258E-7 0.19215702883486804 0.8078425790087306 
4.0322531867905E-7 0.23387108805916768 0.7661285087155136 
4.291839967588025E-7 0.18884138775786985 0.8111581830581334 
0.8111105802475035 0.10370395884745313 0.08518546090504345 
3.921564013846258E-7 0.21960797693179185 0.7803916309118067 
3.99999520000576E-7 0.22800012639984832 0.7719994736006317 
3.8759644853126143E-7 0.22480632774458018 0.7751932846589714 
3.773580633682302E-7 0.2264152153790015 0.7735844072629352 
4.0650356930459027E-7 0.20731722684891035 0.7926823666475203 
4.0160594184023074E-7 0.22088366961806874 0.7791159287759895 
3.952564483125119E-7 0.19762861941270427 0.8023709853308474 
3.93700322401194E-7 0.21653557102097912 0.7834640352786985 
3.8461494082891446E-7 0.18846170562110892 0.8115379097639503 
3.860999388803797E-7 0.21235535248414772 0.7876442614159135 
0.8089882296012402 0.08988791398361726 0.10112385641514261 
4.0322531867905E-7 0.18145179663089117 0.8185478001437901 
3.9682492441477255E-7 0.17460336356742434 0.8253962396076513 
4.0322531867905E-7 0.21370982212521517 0.7862897746494661 
4.0160594184023074E-7 0.2008033725260572 0.799196225868001 
3.8759644853126143E-7 0.22093036325926757 0.779069249144284 
3.8461494082891446E-7 0.17692325739624148 0.8230763579888177 
4.08162765514981E-7 0.1632655143687579 0.8367340774684765 
3.99999520000576E-7 0.20400015519981377 0.7959994448006662 
3.745314143841786E-7 0.15730356857276942 0.8426960568958163 
4.0160594184023074E-7 0.1405624812500226 0.8594371171440356 
0.8294567874533479 0.08914757075863866 0.08139564178801342 
3.8461494082891446E-7 0.14615406212992835 0.8538455532551309 
3.952564483125119E-7 0.17786579699707866 0.822133807746473 
3.8759644853126143E-7 0.19767457634739188 0.8023250360561597 
4.201675376039442E-7 0.14285738295287864 0.8571421968795837 
3.952564483125119E-7 0.17391323251395355 0.8260863722295981 
3.787874483475966E-7 0.19318197744472262 0.8068176437678292 
3.984058983196434E-7 0.1474105807841664 0.8525890208099353 
3.9682492441477255E-7 0.1547621173466857 0.8452374858283899 
3.952564483125119E-7 0.15415041009832794 0.8458491946452237 
4.0322531867905E-7 0.14112926476298618 0.8588703320116952 
0.7756648946788274 0.12167324523964423 0.10266186008152843 
3.745314143841786E-7 0.14981294028508585 0.8501866851834998 
3.984058983196434E-7 0.15537869875055926 0.8446209028435424 
3.8759644853126143E-7 0.13178318009707743 0.8682164323064742 
3.906245422368646E-7 0.1484377166745508 0.8515618927009071 
3.906245422368646E-7 0.1484377166745508 0.8515618927009071 
3.921564013846258E-7 0.176470772779483 0.8235288350641156 
3.860999388803797E-7 0.111969368375249 0.8880302455248122 
3.8910460415804966E-7 0.15175118472624352 0.8482484261691524 
4.048578078650107E-7 0.11740916913866097 0.8825904260035311 
3.831413220597831E-7 0.12643701942105048 0.8735625974376275 
0.7819543812544573 0.08270704957851552 0.13533856916702727 
3.952564483125119E-7 0.09090937836832604 0.9090902263752256 
3.99999520000576E-7 0.11200026559968128 0.8879993344007987 
3.984058983196434E-7 0.12350622688498777 0.8764933747091139 
3.7593942563222676E-7 0.16541372321760542 0.834585900842969 
3.8461494082891446E-7 0.11153871745532602 0.8884608979297333 
4.0322531867905E-7 0.09274222652150017 0.9072573702531811 
3.93700322401194E-7 0.13385850331672838 0.8661411029829492 
3.8910460415804966E-7 0.12062281639359955 0.8793767945017964 
4.048578078650107E-7 0.0850205445094601 0.914979050632732 
3.831413220597831E-7 0.08429147399447434 0.9157081428642037 
0.7857137755107796 0.09022583809116005 0.12406038639806047 
4.048578078650107E-7 0.09716627874541042 0.9028333163967817 
3.860999388803797E-7 0.08108137326481862 0.9189182406352426 
3.8910460415804966E-7 0.10116758618569707 0.8988320247096988 
4.098355616775881E-7 0.09836094463818282 0.9016386455262555 
3.831413220597831E-7 0.09195430043567 0.908045316423008 
3.8022770316231585E-7 0.10266186008152843 0.8973377596907685 
3.8910460415804966E-7 0.08949444806095558 0.9105051628344404 
3.676466533308971E-7 0.09558849751268657 0.9044111348406602 
3.731339106709956E-7 0.11194054633520933 0.8880590805308801 
3.773580633682302E-7 0.09433989320012091 0.9056597294418158 
0.776556289498583 0.11355335506957319 0.10989035543184385 
3.731339106709956E-7 0.0970151899083695 0.9029844369577199 
3.921564013846258E-7 0.07451010841948029 0.9254894994241183 
3.93700322401194E-7 0.06299244528451343 0.9370071610151641 
3.952564483125119E-7 0.07114655595270045 0.9288530487908512 
3.921564013846258E-7 0.06666698039178777 0.9333326274518108 
3.952564483125119E-7 0.05533629802019997 0.9446633067233516 
3.831413220597831E-7 0.07279723433268084 0.9272023825259972 
3.921564013846258E-7 0.05882385236409526 0.9411757554795034 
3.831413220597831E-7 0.06130299467088735 0.9386966221877907 
3.816789522760089E-7 0.0610690140431137 0.9389306042779341 
0.802973453932951 0.0817846671546463 0.1152418789124027 
3.8910460415804966E-7 0.03891084952040912 0.9610887613749868 
3.8759644853126143E-7 0.038760032449574676 0.9612395799539769 
3.984058983196434E-7 0.031872870271469796 0.9681267313226318 
3.8022770316231585E-7 0.0418254275755579 0.958174192196739 
3.8759644853126143E-7 0.04263599693488729 0.9573636154686642 
4.0650356930459027E-7 0.012195513582707013 0.9878040799137237 
3.831413220597831E-7 0.04597734178849603 0.954022275070182 
3.860999388803797E-7 0.038610379987976846 0.9613892339120843 
3.921564013846258E-7 0.04705916032255648 0.9529404475210421 
3.8022770316231585E-7 0.026616319449065267 0.9733833003232315 
0.8060831109318127 0.06844136679692 0.1254755222712674 
3.8759644853126143E-7 0.03488406796426206 0.9651155444392895 
3.8759644853126143E-7 0.038760032449574676 0.9612395799539769 
3.860999388803797E-7 0.030888381210369256 0.9691112326896919 
3.831413220597831E-7 0.022988862464909044 0.9770107543937689 
3.831413220597831E-7 0.007663209582517722 0.9923364072761602 
3.816789522760089E-7 0.01908432929275272 0.980915289028295 
3.8910460415804966E-7 0.023346665354087137 0.9766529455413088 
3.984058983196434E-7 0.003984457389094754 0.9960151442050069 
3.8759644853126143E-7 3.8759644853126143E-7 0.9999992248071029 
3.816789522760089E-7 0.030534697861032984 0.9694649204600149 
0.8962956707825881 0.06666696296263375 0.037037366254778235 
0.7727267734165454 0.12121236225867928 0.10606086432477539 
3.8022770316231585E-7 0.011407211322572637 0.9885924084497242 
0.748174728275845 0.13503671346345245 0.11678855826070265 
0.7509152920344777 0.10989035543184385 0.13919435253367857 
0.7169806977577007 0.12452853826957934 0.15849076397272005 
0.7423072204147457 0.12307716568019347 0.1346156139050609 
0.7328239700488893 0.14122159402107556 0.12595443593003522 
0.6909087008268718 0.16727290842955447 0.14181839074357375 
0.6973175892901273 0.14559408552403966 0.15708832518583316 
0.6555180713865505 0.18060215993094322 0.16387976868250637 
0.6535429288863045 0.16929153233283584 0.17716553878085972 
0.8731878189987475 0.07246405166950906 0.05434812933174348 
0.7065632742510337 0.111969368375249 0.18146735737371736 
0.6751821074648459 0.15328486866620222 0.171533023868952 
0.6821424834187678 0.14642877168345894 0.17142874489777335 
0.6917558870008385 0.1218640266695054 0.1863800863296563 
0.6470584544410339 0.1960785928487143 0.15686295271025172 
0.6215135997845421 0.17928305264973787 0.19920334756572006 
0.6581814638020396 0.15636382942127702 0.18545470677668355 
0.6628784133957424 0.15909110709343893 0.17803047951081877 
0.6654271389288414 0.15241655864324316 0.18215630242791553 
0.6470584544410339 0.13725513264102043 0.2156864129179456 
0.8989163549642366 0.06498224009143673 0.03610140494432678 
0.6445308853153688 0.15234396209691944 0.20312515258771183 
0.5925923045270691 0.17037055144012805 0.23703714403280296 
0.5856161791614598 0.1678083892379563 0.246575431600584 
0.5729924383294471 0.1788322859500519 0.24817527572050108 
0.609022245463633 0.1428573576796718 0.2481203968566953 
0.5666664074076955 0.17777795061709192 0.25555564197521263 
0.615999660800407 0.18400017919978498 0.200000159999808 
0.6230155281561173 0.1706351143232766 0.20634935752060612 
0.5496686592695438 0.17880810052175447 0.27152324020870183 
0.5603110190921957 0.2062258293083705 0.23346315159943395 
0.8759118146950935 0.08029224785520309 0.043795937449703524 
0.5811317949451379 0.16226434460640235 0.2566038604484599 
0.5934956176882711 0.20325219115586446 0.20325219115586446 
0.5747123662309968 0.1762453912888223 0.2490422424801811 
0.5691696808264655 0.1620555390645782 0.2687747801089564 
0.5157478160458866 0.2047245613489433 0.27952762260517017 
0.5381677043881248 0.17175591020315628 0.29007638540871905 
0.5340906809575595 0.19318197744472262 0.2727273415977179 
0.5092934840593115 0.2304833860780081 0.2602231298626805 
0.5161288111345027 0.19758080937805317 0.2862903794874442 
0.5102038650564917 0.1591838867136081 0.33061224822990015 
0.8857136938781852 0.06785742729561361 0.04642887882620126 
0.5202949959833993 0.1992621410382203 0.2804428629783805 
0.4919998096002285 0.200000159999808 0.30800003039996354 
0.4666665098041061 0.21176484890409933 0.3215686412917946 
0.48351631848023613 0.20146534637507726 0.3150183351446867 
0.4444443167306705 0.20689669705360494 0.3486589862157247 
0.5057469282602358 0.21455952349480062 0.27969354824496373 
0.5058363745100687 0.210116875349951 0.28404675013998043 
0.479400584943163 0.20973796658655441 0.31086144847028263 
0.4606740142239541 0.20973796658655441 0.3295880191894916 
0.4849622350049982 0.20676706003715037 0.3082707049578516 
0.8639700029742615 0.07352969831283275 0.06250029871290584 
0.5040648324412612 0.22357736962109395 0.2723577979376448 
0.398523913073159 0.25830266608560953 0.3431734208412316 
0.4334599618327432 0.2243347250934695 0.34220531307378743 
0.44656475584188265 0.24427491113559796 0.3091603330225195 
0.39473677285326375 0.2593985796256621 0.34586464752107426 
0.43076911834332504 0.20000015384597636 0.3692307278106987 
0.42352930565179725 0.21960797693179185 0.3568627174164109 
0.4087590415046991 0.23357675155830124 0.35766420693699974 
0.40399991520010176 0.2320001215998541 0.3639999632000442 
0.4389311767963625 0.22137417399903744 0.3396946492046002 
0.8875962547330372 0.05813985487613774 0.05426389039082513 
0.3900414231849504 0.23236527091460052 0.3775933059004491 
0.37546463702828586 0.2304833860780081 0.3940519768937061 
0.3237705035608563 0.20901654629113162 0.4672129501480121 
0.40769222189359017 0.1961540044376872 0.39615377366872273 
0.3840303604216421 0.2699620494729474 0.34600759010541055 
0.2958801918949155 0.2996255060387573 0.4044943020663273 
0.3632652694710986 0.20408179092025602 0.43265293960864537 
0.34600759010541055 0.24714838728320845 0.4068440226113811 
0.3164062698364026 0.29687504272455933 0.3867186874390382 
0.33076923372780725 0.23076934911228952 0.43846141715990333 
