0.9141784542778497 0.05970179884126996 0.026119746880880357 
0.8745381462677349 0.07380102531251811 0.05166082841974714 
0.2886179407098284 0.2560976551654612 0.4552844041247104 
0.31200002559996926 0.2880000543999347 0.399999920000096 
0.24806211465645586 0.286821759509582 0.4651161258339623 
0.28514062031250564 0.2610442638020918 0.4538151158854025 
0.3709676964100447 0.21774207531200568 0.41129022827794964 
0.2766799090752066 0.28063247355833176 0.4426876173664616 
0.2738095946711175 0.26984134542696975 0.4563490599019128 
0.24275372164450548 0.2717391973849304 0.4855070809705642 
0.2601626908585071 0.24796758377936937 0.49186972536212353 
0.3000000384614941 0.269230843195181 0.43076911834332504 
0.8385820804148656 0.09055146785259702 0.07086645173253732 
0.26639352492599394 0.29918036986020097 0.43442610521380504 
0.25670506892137673 0.2873563746861594 0.45593855639246395 
0.25367655844497233 0.27941182417813515 0.46691161737689263 
0.21212134986210246 0.29166671401509775 0.4962119361227999 
0.23293184787327567 0.27710850147570104 0.4899596506510233 
0.21138226254195625 0.29268297640287433 0.4959347610551694 
0.21268670221637814 0.305970179884127 0.4813431178994949 
0.23574155618833897 0.29277571166268634 0.4714827321489748 
0.2070313980100805 0.300781288146928 0.49218731384299164 
0.18750019531223844 0.2678572305483519 0.5446425741394096 
0.8301881167681697 0.10566063510116781 0.0641512481306625 
0.18450200977637296 0.32472325676392244 0.4907747334597047 
0.19166684374977866 0.3333333333333333 0.474999822916888 
0.18959123837408362 0.2973978095935209 0.5130109520323956 
0.16734714202390774 0.29795922698870164 0.5346936309873906 
0.12133917823534113 0.32635984138932045 0.5523009803753385 
0.1562502075192881 0.3046875335692966 0.5390622589114153 
0.14682561885839027 0.3134920871125947 0.539682294029015 
0.171533023868952 0.3211678965315002 0.5072990795995479 
0.12062281639359955 0.32295721055578536 0.5564199730506152 
0.13080194413256016 0.31223631362491944 0.5569617422425204 
0.8492641368410256 0.08088263137945069 0.06985323177952378 
0.1632655143687579 0.3183673652644507 0.5183671203667913 
0.13357422356582288 0.33574006959559255 0.5306857068385847 
0.13385850331672838 0.3385826709653493 0.5275588257179223 
0.08571458892091152 0.39591829071229706 0.5183671203667913 
0.10400027519966976 0.2720000735999117 0.6239996512004186 
0.10416695312464193 0.3583333020833724 0.5374997447919857 
0.08333363095202664 0.3571428287982197 0.5595235402497537 
0.0963858276475972 0.3734939275173564 0.5301202448350464 
0.10588262053025035 0.3098039492502558 0.5843134302194939 
0.08627480046101905 0.31372551326410203 0.5999996862748789 
0.8597780150058875 0.06273092686613263 0.07749105812797993 
0.08270704957851552 0.3796991958279747 0.5375937545935099 
0.07142890156020812 0.31512607337049575 0.6134450250692961 
0.04602546524000179 0.3556485075541746 0.5983260272058236 
0.05833367708290364 0.3208333489583138 0.6208329739587826 
0.024291873329708506 0.36437243193631746 0.611335694733974 
0.028226175532852175 0.34274192410251114 0.6290319003646366 
0.01851895576070959 0.3657406957305152 0.6157403485087752 
0.02145962902193688 0.3776823463317429 0.6008580246463202 
0.00819712106911344 0.3565573484950633 0.6352455304358232 
4.048578078650107E-7 0.39271247848686824 0.6072871166553239 
0.8057548858760225 0.12589950442499526 0.06834560969898235 
0.00757612775440028 0.374999952651569 0.6174239195940309 
3.745314143841786E-7 0.39700367377864376 0.602995951689942 
3.8022770316231585E-7 0.3536121441686569 0.6463874756036401 
3.831413220597831E-7 0.318007680450942 0.681991936407736 
4.0650356930459027E-7 0.3617885831846547 0.6382110103117761 
4.201675376039442E-7 0.3403361256267324 0.65966345420573 
3.99999520000576E-7 0.35599997280003265 0.6439996272004473 
3.7593942563222676E-7 0.33834585900842973 0.6616537650521447 
4.132226282364113E-7 0.35537187350594196 0.6446277132714299 
3.8022770316231585E-7 0.37642580635839584 0.6235738134139011 
0.8131862858758764 0.09523835688092651 0.09157535724319718 
4.219403941682774E-7 0.36286916092511273 0.637130417134493 
4.132226282364113E-7 0.3512396472235778 0.648759939553794 
4.048578078650107E-7 0.29149802652061557 0.7085015686215765 
4.219403941682774E-7 0.32067512150828503 0.6793244565513208 
4.219403941682774E-7 0.31645571756660223 0.6835438604930035 
4.132226282364113E-7 0.34297519465884957 0.6570243921185221 
4.149372428167102E-7 0.34024895404694516 0.659750631015812 
3.8759644853126143E-7 0.3178294753920829 0.6821701370114687 
3.8022770316231585E-7 0.32699620494729476 0.6730034148250021 
3.984058983196434E-7 0.3306772940112024 0.6693223075828993 
0.8415088586692167 0.09811347383380321 0.060377667496980196 
4.0650356930459027E-7 0.3292682976402874 0.6707312958561432 
3.984058983196434E-7 0.34661352994398814 0.6533860716501135 
4.3859591412818316E-7 0.3201754559094878 0.679824105494598 
4.0160594184023074E-7 0.2971887985677126 0.7028107998263455 
3.8910460415804966E-7 0.28404675013998043 0.7159528607554155 
4.2372827492168443E-7 0.30932206442110455 0.6906775118506205 
3.745314143841786E-7 0.3033708201825991 0.6966288052859866 
4.4247728874696187E-7 0.3230088632625709 0.6769906942601404 
4.149372428167102E-7 0.32780083676244387 0.6721987483003133 
3.906245422368646E-7 0.2734375701903475 0.7265620391851104 
0.8071423494903399 0.1142859489793404 0.0785717015303198 
3.787874483475966E-7 0.2878788395316218 0.71212078168093 
3.787874483475966E-7 0.2537879691803381 0.7462116520322136 
3.9682492441477255E-7 0.25396834845037886 0.7460312547246968 
3.906245422368646E-7 0.2851563064574534 0.7148433029180045 
3.921564013846258E-7 0.2588236170702544 0.7411759907733442 
3.906245422368646E-7 0.300781288146928 0.6992183212285299 
3.8910460415804966E-7 0.2801557040983999 0.7198439067969961 
4.273498794659665E-7 0.299145342976056 0.7008542296740645 
3.984058983196434E-7 0.2390439373976844 0.7609556641964172 
3.952564483125119E-7 0.256917086659581 0.7430825180839706 
0.7938139582673971 0.10652944344043633 0.09965659829216672 
3.8022770316231585E-7 0.3346007590105411 0.6653988607617558 
3.9682492441477255E-7 0.2619048469386743 0.7380947562364013 
3.8910460415804966E-7 0.2879377961815609 0.712061814713835 
3.99999520000576E-7 0.2800000639999232 0.7199995360005568 
4.048578078650107E-7 0.2550608238127646 0.7449387713294275 
4.2372827492168443E-7 0.26694923692893613 0.733050339342789 
3.906245422368646E-7 0.23046887054429235 0.7695307388311655 
3.9682492441477255E-7 0.30555558862429927 0.6944440145507763 
4.08162765514981E-7 0.2367348121614545 0.76326477967578 
3.860999388803797E-7 0.2316603494281667 0.7683392644718945 
0.9014592319789432 0.05839446161190335 0.04014630640915357 
0.8081175555894219 0.09594122220528908 0.09594122220528908 
3.93700322401194E-7 0.2677166129331343 0.7322829933665432 
4.184095166407741E-7 0.24686203322757336 0.75313754836291 
4.132226282364113E-7 0.21900840618792622 0.7809911805894455 
3.952564483125119E-7 0.24110682872708056 0.7588927760164711 
3.7593942563222676E-7 0.22932342557508398 0.7706761984854905 
3.921564013846258E-7 0.24705892502871565 0.7529406828148829 
3.860999388803797E-7 0.2432433475945781 0.7567562663054831 
3.921564013846258E-7 0.18431390080717552 0.8156857070364231 
4.0322531867905E-7 0.23387108805916768 0.7661285087155136 
4.291839967588025E-7 0.1802577078226938 0.8197418629933094 
0.7925920823050938 0.11111135802441702 0.09629655967048927 
3.921564013846258E-7 0.21176484890409933 0.7882347589394992 
3.99999520000576E-7 0.2320001215998541 0.7679994784006259 
3.8759644853126143E-7 0.22480632774458018 0.7751932846589714 
3.773580633682302E-7 0.2264152153790015 0.7735844072629352 
4.0650356930459027E-7 0.20731722684891035 0.7926823666475203 
4.0160594184023074E-7 0.21686761019966644 0.7831319881943917 
3.952564483125119E-7 0.20158118389582938 0.7984184208477223 
3.93700322401194E-7 0.21653557102097912 0.7834640352786985 
3.8461494082891446E-7 0.18076940680453063 0.8192302085805286 
3.860999388803797E-7 0.20463335370654012 0.7953662601935211 
0.8052429154573985 0.09737854227130083 0.09737854227130083 
4.0322531867905E-7 0.17338729025731017 0.8266123065173712 
3.9682492441477255E-7 0.16666686507912887 0.8333327380959467 
4.0322531867905E-7 0.21774207531200568 0.7822575214626757 
4.0160594184023074E-7 0.2048194319444595 0.7951801664495987 
3.8759644853126143E-7 0.22480632774458018 0.7751932846589714 
3.8461494082891446E-7 0.17692325739624148 0.8230763579888177 
4.08162765514981E-7 0.1632655143687579 0.8367340774684765 
3.99999520000576E-7 0.200000159999808 0.799999440000672 
3.745314143841786E-7 0.15355825442892762 0.8464413710396581 
4.0160594184023074E-7 0.1365464218316203 0.8634531765624378 
0.8333327519386606 0.08914757075863866 0.07751967730270082 
3.8461494082891446E-7 0.1500002115382175 0.8499994038468418 
3.952564483125119E-7 0.18181836148020378 0.8181812432633478 
3.8759644853126143E-7 0.2015505408327045 0.7984490715708471 
4.201675376039442E-7 0.14705905832891808 0.8529405215035443 
3.952564483125119E-7 0.17786579699707866 0.822133807746473 
3.787874483475966E-7 0.1856062284777707 0.8143933927347811 
3.984058983196434E-7 0.1474105807841664 0.8525890208099353 
3.9682492441477255E-7 0.1547621173466857 0.8452374858283899 
3.952564483125119E-7 0.1422927166489526 0.857706888094599 
4.0322531867905E-7 0.1370970115761957 0.8629025851984856 
0.7604557865523348 0.1330800763345137 0.10646413711315159 
3.745314143841786E-7 0.14981294028508585 0.8501866851834998 
3.984058983196434E-7 0.15139463976736284 0.8486049618267388 
3.8759644853126143E-7 0.12790721561176482 0.8720923967917867 
3.906245422368646E-7 0.1484377166745508 0.8515618927009071 
3.906245422368646E-7 0.1484377166745508 0.8515618927009071 
3.921564013846258E-7 0.16470608073794424 0.8352935271056544 
3.860999388803797E-7 0.111969368375249 0.8880302455248122 
3.8910460415804966E-7 0.15564223076782402 0.8443573801275719 
4.048578078650107E-7 0.11336059106001085 0.8866390040821812 
3.831413220597831E-7 0.12260560620045266 0.8773940106582254 
0.7669168042291682 0.08270704957851552 0.15037614619231635 
3.952564483125119E-7 0.09090937836832604 0.9090902263752256 
3.99999520000576E-7 0.11200026559968128 0.8879993344007987 
3.984058983196434E-7 0.13147434485138065 0.868525256742721 
3.7593942563222676E-7 0.16541372321760542 0.834585900842969 
3.8461494082891446E-7 0.11153871745532602 0.8884608979297333 
4.0322531867905E-7 0.09274222652150017 0.9072573702531811 
3.93700322401194E-7 0.12992150009271644 0.8700781062069611 
3.8910460415804966E-7 0.12062281639359955 0.8793767945017964 
4.048578078650107E-7 0.0850205445094601 0.914979050632732 
3.831413220597831E-7 0.08429147399447434 0.9157081428642037 
0.778194986998135 0.08646644383483779 0.13533856916702727 
4.048578078650107E-7 0.09716627874541042 0.9028333163967817 
3.860999388803797E-7 0.0888033720424262 0.911196241857635 
3.8910460415804966E-7 0.09727654014411657 0.9027230707512793 
4.098355616775881E-7 0.09426258902140694 0.9057370011430314 
3.831413220597831E-7 0.08812288721507217 0.9118767296436059 
3.8022770316231585E-7 0.09885958304990528 0.9011400367223916 
3.8910460415804966E-7 0.09727654014411657 0.9027230707512793 
3.676466533308971E-7 0.10294143057930451 0.8970582017740423 
3.731339106709956E-7 0.10820920722849937 0.89179041963759 
3.773580633682302E-7 0.09056631256643861 0.9094333100754981 
0.7582412913099363 0.11721635470730254 0.12454235398276121 
3.731339106709956E-7 0.10074652901507947 0.8992530978510099 
3.921564013846258E-7 0.07843167243332655 0.921567935410272 
3.93700322401194E-7 0.06299244528451343 0.9370071610151641 
3.952564483125119E-7 0.07509912043582556 0.9249004843077261 
3.921564013846258E-7 0.06274541637794151 0.937254191465657 
3.952564483125119E-7 0.05533629802019997 0.9446633067233516 
3.831413220597831E-7 0.07279723433268084 0.9272023825259972 
3.921564013846258E-7 0.05882385236409526 0.9411757554795034 
3.831413220597831E-7 0.06130299467088735 0.9386966221877907 
3.816789522760089E-7 0.05343543499759352 0.9465641833234543 
0.791821050013699 0.08550213512773035 0.1226768148585708 
3.8910460415804966E-7 0.03891084952040912 0.9610887613749868 
3.8759644853126143E-7 0.04263599693488729 0.9573636154686642 
3.984058983196434E-7 0.031872870271469796 0.9681267313226318 
3.8022770316231585E-7 0.03422087351231159 0.9657787462599854 
3.8759644853126143E-7 0.038760032449574676 0.9612395799539769 
4.0650356930459027E-7 0.012195513582707013 0.9878040799137237 
3.831413220597831E-7 0.04597734178849603 0.954022275070182 
3.860999388803797E-7 0.038610379987976846 0.9613892339120843 
3.921564013846258E-7 0.043137596308710224 0.9568620115348884 
3.8022770316231585E-7 0.026616319449065267 0.9733833003232315 
0.8098853879634359 0.07224364382854316 0.11787096820802107 
3.8759644853126143E-7 0.03488406796426206 0.9651155444392895 
3.8759644853126143E-7 0.038760032449574676 0.9612395799539769 
3.860999388803797E-7 0.030888381210369256 0.9691112326896919 
3.831413220597831E-7 0.026820275685506875 0.9731793411731712 
3.831413220597831E-7 0.011494622803115554 0.9885049940555624 
3.816789522760089E-7 0.01526753976999263 0.984732078551055 
3.8910460415804966E-7 0.023346665354087137 0.9766529455413088 
3.984058983196434E-7 0.003984457389094754 0.9960151442050069 
3.8759644853126143E-7 0.0038763520817611456 0.9961232603217903 
3.816789522760089E-7 0.030534697861032984 0.9694649204600149 
0.8888882716056242 0.07037066255111568 0.04074106584326018 
0.7803025223834974 0.12121236225867928 0.09848511535782346 
3.8022770316231585E-7 0.011407211322572637 0.9885924084497242 
0.751824359316395 0.13503671346345245 0.11313892722015269 
0.7399262931212897 0.10989035543184385 0.15018335144686656 
0.7169806977577007 0.12830211890326165 0.15471718333903775 
0.7192303239650109 0.12692331508848262 0.1538463609465066 
0.7290071805261292 0.14503838354383566 0.12595443593003522 
0.6945450604962977 0.16727290842955447 0.13818203107414795 
0.7164746553931165 0.12643701942105048 0.15708832518583316 
0.6488291148871758 0.16722424693219373 0.18394663818063062 
0.6535429288863045 0.1850395452288836 0.16141752588481195 
0.8804341879338538 0.07971042060461529 0.03985539146153102 
0.7065632742510337 0.1158303677640528 0.17760635798491356 
0.6605835833026461 0.13868634450400238 0.20073007219335165 
0.6714282091840617 0.150000196428361 0.17857159438757747 
0.663082082707438 0.1290324777428555 0.2078854395497066 
0.6549015824687265 0.176470772779483 0.16862764475179048 
0.5896411279189706 0.17529899366654145 0.23505987841448794 
0.6436360251243363 0.15636382942127702 0.2000001454543868 
0.6477269154618386 0.1628789815769149 0.18939410296124667 
0.6654271389288414 0.15241655864324316 0.18215630242791553 
0.6549015824687265 0.13333356862717416 0.21176484890409933 
0.8880860417840704 0.07220244887821421 0.03971150933771552 
0.6367183944706315 0.15234396209691944 0.21093764343244914 
0.6037034032925149 0.17407425102861 0.2222223456788752 
0.5582189470353285 0.17808235128525554 0.2636987016794161 
0.5620435452077973 0.19708044115280168 0.24087601363940114 
0.609022245463633 0.13909796342334954 0.25187979111301756 
0.5777775061731414 0.18148165020557386 0.2407408436212849 
0.5959996848003782 0.200000159999808 0.20400015519981377 
0.6031742819353786 0.17857161281157205 0.2182541052530493 
0.5562911692471829 0.18543061049939358 0.2582782202534236 
0.5642020651337761 0.2140079213915315 0.22179001347469246 
0.8795614457356434 0.07664261681465313 0.043795937449703524 
0.5924525368461847 0.15849076397272005 0.2490566991810953 
0.5731704392230416 0.20325219115586446 0.22357736962109395 
0.5363982340250184 0.1992338706124093 0.26436789536257244 
0.5533594228939649 0.16996066803082843 0.2766799090752066 
0.5078738095978627 0.20078755812493135 0.29133863227720597 
0.5343509148653647 0.17175591020315628 0.2938931749314791 
0.5340906809575595 0.20075772641167455 0.265151592630766 
0.47955374027463915 0.2379183220241762 0.28252793770118473 
0.5120965579477121 0.19758080937805317 0.2903226326742347 
0.5224487480219412 0.1632655143687579 0.3142857376093009 
0.8678565701536749 0.07500027678541774 0.05714315306090744 
0.4981547990906284 0.19557210822275845 0.3062730926866133 
0.4799998240002112 0.18800017439979072 0.3320000015999981 
0.4588233817764136 0.20784328489025308 0.3333333333333333 
0.4908423177556948 0.2124543452882653 0.29670333695604 
0.44061290351007265 0.21072811027420277 0.3486589862157247 
0.5134097547014315 0.21455952349480062 0.2720307218037681 
0.5019453284684883 0.2062258293083705 0.2918288422231414 
0.47565527079932124 0.2134832807303962 0.31086144847028263 
0.4606740142239541 0.20599265244271264 0.33333333333333337 
0.46616526372338685 0.21804524280611717 0.3157894934704961 
0.8639700029742615 0.07352969831283275 0.06250029871290584 
0.49186972536212353 0.22764240531413987 0.2804878693237366 
0.4095940115195445 0.24723256763922405 0.3431734208412316 
0.4182508537062506 0.22053244806184635 0.3612166982319032 
0.44274796631912255 0.25190849018111816 0.3053435434997594 
0.40601495562223056 0.2593985796256621 0.33458646475210746 
0.40769222189359017 0.1961540044376872 0.39615377366872273 
0.3960783575548735 0.24705892502871565 0.3568627174164109 
0.4124086725452491 0.2299271205177513 0.35766420693699974 
0.38399993920007297 0.2320001215998541 0.38399993920007297 
0.461831913932923 0.21755738447627734 0.32061070159079974 
0.8759683612770993 0.05426389039082513 0.0697677483320756 
0.3651451886159478 0.22821589848643342 0.4066389128976188 
0.386617040947538 0.23420085405109217 0.37918210500136995 
0.31147543671052863 0.21721325752468337 0.47131130576478797 
0.38076917603556615 0.20769245266255465 0.4115383713018793 
0.380228083390019 0.2775666035361937 0.34220531307378743 
0.30711613432644086 0.2958801918949155 0.39700367377864376 
0.3673468971262484 0.20408179092025602 0.42857131195349557 
0.3536121441686569 0.24334611025158528 0.4030417455797579 
0.3203125152587712 0.2929687973021907 0.3867186874390382 
0.3192307855029398 0.22307705029571123 0.45769216420134906 
