3.731339106709956E-7 0.966417201771789 0.03358242509430027 
0.033210664342437995 0.9409587369460477 0.025830598711514344 
0.390243833035976 0.32113822625419564 0.2886179407098284 
0.3599999680000384 0.3320000015999981 0.30800003039996354 
0.4224805164955235 0.2558140436270811 0.3217054398773955 
0.4016063434461726 0.29317273914931025 0.3052209174045172 
0.36290319003646365 0.38306445597041616 0.2540323539931202 
0.3794465856364597 0.30039529597395737 0.3201581183895829 
0.4007935704838447 0.29365084089185606 0.30555558862429927 
0.39855065374928944 0.28260875078758974 0.3188405954631209 
0.4390242613525268 0.2682927622445989 0.29268297640287433 
0.36538457840240957 0.3076923372780724 0.3269230843195181 
0.05118143561247762 0.8779521126549851 0.07086645173253732 
0.39344254904604625 0.3032787254769769 0.3032787254769769 
0.386973118421703 0.2873563746861594 0.3256705068921377 
0.43382341857711193 0.2830882907114441 0.2830882907114441 
0.4469695678376123 0.23863647124643422 0.31439396091595356 
0.44176693763019564 0.21686761019966644 0.341365452170138 
0.4227641185803432 0.23577247670023166 0.34146340471942516 
0.4328357095122655 0.223880719536508 0.3432835709512266 
0.4182508537062506 0.25855521837807793 0.32319392791567164 
0.421874896240356 0.2265626251219237 0.3515624786377204 
0.49107121731533393 0.18750019531223844 0.32142858737242763 
0.041509764328568684 0.8981125681744512 0.060377667496980196 
0.4243541427813918 0.2029521738536821 0.3726936833649262 
0.44583319270850913 0.19166684374977866 0.3624999635417122 
0.4535314644630508 0.20817857823950384 0.33828995729744543 
0.506122237401342 0.17959202498935717 0.3142857376093009 
0.49372364804563007 0.1380755589009721 0.3682007930533978 
0.5039060501100976 0.1562502075192881 0.33984374237061443 
0.46031730914606056 0.1547621173466857 0.3849205735072538 
0.41605830358579904 0.20073007219335165 0.3832116242208494 
0.48249009826058575 0.12451386243518006 0.3929960393042343 
0.506328894942327 0.1434601559576085 0.35021094910006445 
0.06250029871290584 0.8897052687074243 0.04779443257966995 
0.43673456726379517 0.17551039733420734 0.38775503540199746 
0.46931393215097605 0.1444045367459891 0.3862815311030349 
0.4645667741337313 0.14960651621277612 0.38582670965349253 
0.4775508438152933 0.10612272719666058 0.4163264289880461 
0.5319997616002861 0.10400027519966976 0.3639999632000442 
0.4833331458335677 0.12916692187468098 0.3874999322917513 
0.5158727985641287 0.10317487717276526 0.38095232426310605 
0.4538151158854025 0.11245006532120644 0.433734818793391 
0.5176468419841075 0.1019610565164041 0.38039210149948843 
0.5333330980394925 0.09019636447486531 0.3764705374856422 
0.04797079560428531 0.9040584087914294 0.04797079560428531 
0.4999998120302872 0.09398523234748232 0.40601495562223056 
0.5210081667964284 0.07142890156020812 0.4075629316433635 
0.5481168852089306 0.04602546524000179 0.4058576495510675 
0.5458330677086654 0.0541670156245638 0.3999999166667708 
0.5303641331609719 0.02834045140835861 0.4412954154306695 
0.5766126089363601 0.03629068190643318 0.3870967091572067 
0.523147884516827 0.023148578960306997 0.45370353652286594 
0.5708151448732041 0.017167789054348855 0.4120170660724471 
0.5901636186512885 0.00819712106911344 0.401639260279598 
0.5182183989250215 0.00809756101510808 0.47368404005987036 
0.05036001759710332 0.8776972542835386 0.07194272811935815 
0.5719694257923192 0.00757612775440028 0.42045444645328056 
0.550561553676157 3.745314143841786E-7 0.44943807179242873 
0.5817487660660464 3.8022770316231585E-7 0.4182508537062506 
0.6091950852163772 3.831413220597831E-7 0.39080453164230083 
0.5609753321439038 4.0650356930459027E-7 0.4390242613525268 
0.6386550773255327 4.201675376039442E-7 0.3613445025069296 
0.599999680000384 3.99999520000576E-7 0.399999920000096 
0.5902252741820216 3.7593942563222676E-7 0.4097743498785528 
0.578512092753604 4.132226282364113E-7 0.42148749402376773 
0.5855510430976695 3.8022770316231585E-7 0.4144485766746274 
0.05860836050363315 0.8681312804418164 0.0732603590545505 
0.6075945895427136 4.219403941682774E-7 0.39240498851689215 
0.5909087716006963 4.132226282364113E-7 0.4090908151766754 
0.6315785851272245 4.048578078650107E-7 0.3684210100149676 
0.6075945895427136 4.219403941682774E-7 0.39240498851689215 
0.6413498210761759 4.219403941682774E-7 0.35864975698343 
0.6074376767301528 4.132226282364113E-7 0.39256191004721896 
0.5809125548806371 4.149372428167102E-7 0.4190870301821201 
0.6434104921583426 3.8759644853126143E-7 0.35658912024520906 
0.6463874756036401 3.8022770316231585E-7 0.3536121441686569 
0.6015933048685599 3.984058983196434E-7 0.3984062967255418 
0.037736183694886384 0.883018245639722 0.0792455706653917 
0.6097557604604548 4.0650356930459027E-7 0.390243833035976 
0.6015933048685599 3.984058983196434E-7 0.3984062967255418 
0.6359645140817797 4.3859591412818316E-7 0.3640350473223061 
0.6385538491319087 4.0160594184023074E-7 0.3614457492621495 
0.6887155384643521 3.8910460415804966E-7 0.3112840724310439 
0.6101691396155005 4.2372827492168443E-7 0.3898304366562246 
0.6329584648406763 3.745314143841786E-7 0.3670411606279094 
0.6592916027102619 4.4247728874696187E-7 0.34070795481244937 
0.6390037688749765 4.149372428167102E-7 0.3609958161877807 
0.6679683578495808 3.906245422368646E-7 0.33203125152587715 
0.0785717015303198 0.8392851721944584 0.08214312627522186 
0.6893935347800741 3.787874483475966E-7 0.31060608643247756 
0.6780299113296463 3.787874483475966E-7 0.32196970988290546 
0.6587297713534468 3.9682492441477255E-7 0.3412698318216288 
0.6679683578495808 3.906245422368646E-7 0.33203125152587715 
0.6941172226071891 3.921564013846258E-7 0.30588238523640954 
0.6562496215824748 3.906245422368646E-7 0.3437499877929831 
0.6420229859653861 3.8910460415804966E-7 0.35797662493000987 
0.6623927405221275 4.273498794659665E-7 0.337606832127993 
0.6812744845324886 3.984058983196434E-7 0.31872511706161305 
0.6758889218708436 3.952564483125119E-7 0.32411068287270806 
0.06529237255081868 0.8728516774724975 0.06185594997668387 
0.6273760904455242 3.8022770316231585E-7 0.3726235293267727 
0.7063487622832195 3.9682492441477255E-7 0.29365084089185606 
0.6926065845059326 3.8910460415804966E-7 0.3073930263894634 
0.7199995360005568 3.99999520000576E-7 0.2800000639999232 
0.7044529905429264 4.048578078650107E-7 0.2955466045992657 
0.6991520773490542 4.2372827492168443E-7 0.3008474989226709 
0.7187495483403731 3.906245422368646E-7 0.28125006103508476 
0.6666662698417423 3.9682492441477255E-7 0.3333333333333333 
0.7020403648485328 4.08162765514981E-7 0.29795922698870164 
0.6988412754734261 3.860999388803797E-7 0.3011583384266351 
3.649631040549956E-7 0.9708022217493922 0.0291974132875037 
0.10701132065167457 0.8154976212203455 0.07749105812797993 
0.7086609740224716 3.93700322401194E-7 0.29133863227720597 
0.7405852628636868 4.184095166407741E-7 0.2594143187267966 
0.7355366914834403 4.132226282364113E-7 0.26446289529393147 
0.6837940508370939 3.952564483125119E-7 0.3162055539064578 
0.7406010444349124 3.7593942563222676E-7 0.2593985796256621 
0.7450975547871904 3.921564013846258E-7 0.2549020530564082 
0.7181462724174451 3.860999388803797E-7 0.2818533414826161 
0.7490191188010367 3.921564013846258E-7 0.2509804890425619 
0.7459672427815611 4.0322531867905E-7 0.2540323539931202 
0.7725316233498412 4.291839967588025E-7 0.22746794746616206 
0.07037066255111568 0.8481475761323228 0.0814817613165615 
0.7647053748564218 3.921564013846258E-7 0.2352942329871769 
0.7479995024005971 3.99999520000576E-7 0.2520000975998829 
0.7519374977470957 3.8759644853126143E-7 0.24806211465645586 
0.7320750202924299 3.773580633682302E-7 0.2679246023495068 
0.7601620811031531 4.0650356930459027E-7 0.23983751239327758 
0.7429713940103686 4.0160594184023074E-7 0.2570282043836895 
0.7667979049827214 3.952564483125119E-7 0.23320169976083033 
0.748031006262591 3.93700322401194E-7 0.2519686000370866 
0.7807687144976372 3.8461494082891446E-7 0.2192309008874221 
0.7451732681390717 3.860999388803797E-7 0.2548263457609895 
0.06741602912056653 0.8576773134711835 0.0749066574082501 
0.7822575214626757 4.0322531867905E-7 0.21774207531200568 
0.7817454979220263 3.9682492441477255E-7 0.2182541052530493 
0.7782252682758851 4.0322531867905E-7 0.22177432849879616 
0.7750998693575871 4.0160594184023074E-7 0.22489972903647104 
0.7403096042911579 3.8759644853126143E-7 0.2596900081123937 
0.7807687144976372 3.8461494082891446E-7 0.2192309008874221 
0.7918361732618286 4.08162765514981E-7 0.20816341857540582 
0.7759994688006374 3.99999520000576E-7 0.22400013119984258 
0.8352054286081327 3.745314143841786E-7 0.164794196860453 
0.7831319881943917 4.0160594184023074E-7 0.21686761019966644 
0.05813985487613774 0.8759683612770993 0.06589178384676297 
0.7961533121307938 3.8461494082891446E-7 0.2038463032542655 
0.7944658563645972 3.952564483125119E-7 0.2055337483789545 
0.7945731070855344 3.8759644853126143E-7 0.2054265053180171 
0.8445371707514654 4.201675376039442E-7 0.15546240908099695 
0.8023709853308474 3.952564483125119E-7 0.19762861941270427 
0.7992418948008772 3.787874483475966E-7 0.20075772641167455 
0.8247006079275603 3.984058983196434E-7 0.17529899366654145 
0.8293644888517989 3.9682492441477255E-7 0.1706351143232766 
0.8260863722295981 3.952564483125119E-7 0.17391323251395355 
0.8467735724513237 4.0322531867905E-7 0.1532260243233577 
0.08365047492341264 0.8326990501531748 0.08365047492341264 
0.8426960568958163 3.745314143841786E-7 0.15730356857276942 
0.8326687258939531 3.984058983196434E-7 0.16733087570014857 
0.8333327519386606 3.8759644853126143E-7 0.16666686046489096 
0.8398431564338011 3.906245422368646E-7 0.16015645294165673 
0.8476556472785384 3.906245422368646E-7 0.15234396209691944 
0.8039210149948843 3.921564013846258E-7 0.1960785928487143 
0.8455592522479705 3.860999388803797E-7 0.15444036165209077 
0.821011103878089 3.8910460415804966E-7 0.178988507017307 
0.8542503794529804 4.048578078650107E-7 0.14574921568921173 
0.8467427048934427 3.831413220597831E-7 0.1532569119652353 
0.1203009921417382 0.7969919582797463 0.08270704957851552 
0.8814222749933498 3.952564483125119E-7 0.11857732975020187 
0.8719993536007756 3.99999520000576E-7 0.12800024639970434 
0.8525890208099353 3.984058983196434E-7 0.1474105807841664 
0.8157889295613577 3.7593942563222676E-7 0.18421069449921676 
0.880768599113155 3.8461494082891446E-7 0.11923101627190431 
0.8669348383852761 4.0322531867905E-7 0.13306475838940518 
0.8661411029829492 3.93700322401194E-7 0.13385850331672838 
0.8871588865849573 3.8910460415804966E-7 0.11284072431043855 
0.8947361602394814 4.048578078650107E-7 0.10526343490271065 
0.9003824899818124 3.831413220597831E-7 0.09961712687686566 
0.09774462660380459 0.834585900842969 0.06766947255322645 
0.9109304725540819 4.048578078650107E-7 0.08906912258811021 
0.8764472473584008 3.860999388803797E-7 0.1235523665416604 
0.8949409786681184 3.8910460415804966E-7 0.10505863222727756 
0.9098353567598072 4.098355616775881E-7 0.09016423340463106 
0.9118767296436059 3.831413220597831E-7 0.08812288721507217 
0.8859309285958991 3.8022770316231585E-7 0.11406869117639791 
0.8949409786681184 3.8910460415804966E-7 0.10505863222727756 
0.8860288021741153 3.676466533308971E-7 0.11397083017923143 
0.8880590805308801 3.731339106709956E-7 0.11194054633520933 
0.9245276326102273 3.773580633682302E-7 0.0754719900317094 
0.06959735941682116 0.8461532826154404 0.0842493579677385 
0.8992530978510099 3.731339106709956E-7 0.10074652901507947 
0.921567935410272 3.921564013846258E-7 0.07843167243332655 
0.940944164239176 3.93700322401194E-7 0.0590554420605015 
0.9011850974089753 3.952564483125119E-7 0.09881450733457628 
0.9333326274518108 3.921564013846258E-7 0.06666698039178777 
0.9328056132739764 3.952564483125119E-7 0.06719399146957533 
0.9042139032024102 3.831413220597831E-7 0.09578571365626784 
0.921567935410272 3.921564013846258E-7 0.07843167243332655 
0.9463594486289864 3.831413220597831E-7 0.05364016822969169 
0.9427473938006942 3.816789522760089E-7 0.057252224520353605 
0.0817846671546463 0.8475830696099597 0.07063226323539416 
0.9533066692918258 3.8910460415804966E-7 0.04669294160357011 
0.9651155444392895 3.8759644853126143E-7 0.03488406796426206 
0.9442223774234533 3.984058983196434E-7 0.0557772241706484 
0.9543719151651159 3.8022770316231585E-7 0.04562770460718106 
0.9651155444392895 3.8759644853126143E-7 0.03488406796426206 
0.9756089728345859 4.0650356930459027E-7 0.02439062066184472 
0.954022275070182 3.831413220597831E-7 0.04597734178849603 
0.9613892339120843 3.860999388803797E-7 0.038610379987976846 
0.9607835755487346 3.921564013846258E-7 0.039216032294863964 
0.9657787462599854 3.8022770316231585E-7 0.03422087351231159 
0.11026641414477474 0.8288967731215516 0.06083681273367369 
0.9806194023805399 3.8759644853126143E-7 0.0193802100230116 
0.9689915089246021 3.8759644853126143E-7 0.031008103478949445 
0.9884162296337108 3.860999388803797E-7 0.011583384266350272 
0.9616851015113776 3.831413220597831E-7 0.03831451534730037 
0.9999992337173559 3.831413220597831E-7 3.831413220597831E-7 
0.984732078551055 3.816789522760089E-7 0.01526753976999263 
0.9649798074165673 3.8910460415804966E-7 0.035019803478828625 
0.9999992031882033 3.984058983196434E-7 3.984058983196434E-7 
0.9922472958364776 3.8759644853126143E-7 0.007752316567073761 
0.984732078551055 3.816789522760089E-7 0.01526753976999263 
0.011111469135404665 0.9703696625522268 0.01851886831236854 
0.08712149190739557 0.818181267218257 0.0946972408743475 
0.9999992395445937 3.8022770316231585E-7 3.8022770316231585E-7 
0.08394187889575304 0.7992695628435444 0.11678855826070265 
0.11355335506957319 0.7948712876872297 0.09157535724319718 
0.12830211890326165 0.7773579878966176 0.09433989320012091 
0.10000026923045859 0.7615379674561915 0.13846176331335006 
0.11068727783899485 0.7709918652764902 0.11832085688451502 
0.10909115371874141 0.7599995345459624 0.1309093117352963 
0.12643701942105048 0.7701144404814861 0.1034485400974635 
0.1571908121831316 0.7157186798809233 0.12709050793594523 
0.1574805226608 0.7244089869185194 0.1181104904206806 
3.623184467553115E-7 0.9782601685577877 0.021739469123765447 
0.16602335981850216 0.7297292705838565 0.1042473695976414 
0.18978117907170178 0.7043791557892456 0.10583966513905277 
0.1571430459181651 0.7107138813779843 0.1321430727038507 
0.1577062820362559 0.7096770146842136 0.13261670327953054 
0.1294120046133279 0.7333328627456517 0.13725513264102043 
0.17529899366654145 0.6693223075828993 0.15537869875055926 
0.20363650512381262 0.6509087444631879 0.14545475041299957 
0.1742426050273428 0.6893935347800741 0.13636386019258315 
0.1635689625624953 0.6988843506865978 0.137546686750907 
0.16470608073794424 0.6901956585933429 0.14509826066871295 
3.610104393388744E-7 0.9566780252584564 0.04332161373110426 
0.17187518920876266 0.6718746032719494 0.1562502075192881 
0.2222223456788752 0.6407403991773343 0.13703725514379062 
0.2157535454586862 0.6335613353821897 0.15068511915912416 
0.2043797032339016 0.6058391176943967 0.18978117907170178 
0.2142858485497949 0.6353380052578889 0.15037614619231635 
0.18888904938253775 0.6481477983542981 0.16296315226316418 
0.17600018879977344 0.6319996416004301 0.1920001695997965 
0.15873036659083342 0.6507932728651513 0.19047636054401523 
0.23509943533168678 0.5695361892024611 0.1953643754658522 
0.1750974609757265 0.6031125255495812 0.22179001347469246 
0.010949258084753923 0.9452548044655426 0.043795937449703524 
0.245283118547413 0.607546859380914 0.14717002207167315 
0.20325219115586446 0.6016256890743629 0.19512211976977265 
0.20306528383300712 0.6206893248781707 0.1762453912888223 
0.19762861941270427 0.588932503242091 0.21343887734520472 
0.24803159681307463 0.551180845061994 0.20078755812493135 
0.28625959588595895 0.5648852310474454 0.14885517306659574 
0.2537879691803381 0.5719694257923192 0.1742426050273428 
0.2304833860780081 0.550185631763236 0.219330982158756 
0.26209686036670116 0.5564513430024076 0.18145179663089117 
0.2408164398166043 0.567346652228589 0.1918369079548066 
0.03928602933639714 0.9178565165823036 0.0428574540812992 
0.23616246919283856 0.5756454882153268 0.1881920425918348 
0.2680000783999059 0.5239997712002745 0.20800015039981953 
0.3215686412917946 0.5019605859287224 0.176470772779483 
0.26007334057874665 0.5274723141329882 0.2124543452882653 
0.3103448540097464 0.4482757299512683 0.24137941603898544 
0.24137941603898544 0.5670495397898011 0.19157104417121362 
0.24513628972417545 0.5486378809674541 0.2062258293083705 
0.30711613432644086 0.479400584943163 0.2134832807303962 
0.2958801918949155 0.5131084122377391 0.1910113958673455 
0.2969925221888848 0.5037592062866095 0.19924827152450583 
0.03308856644643407 0.922793467507205 0.04411796604636098 
0.2520326194724153 0.512194903827353 0.23577247670023166 
0.31365315831753693 0.4354242412277773 0.2509226004546859 
0.3307984819789179 0.4258554077694969 0.24334611025158528 
0.28625959588595895 0.4656487034556831 0.24809170065835806 
0.3157894934704961 0.4248119269038419 0.2593985796256621 
0.349999980769253 0.4423075665681925 0.20769245266255465 
0.2901961291810245 0.44705868973487484 0.26274518108410067 
0.33941605173424994 0.43065682774799885 0.2299271205177513 
0.3320000015999981 0.41599990080011906 0.2520000975998829 
0.32061070159079974 0.4770990720239634 0.202290226385237 
0.02713213899363683 0.9457357220127264 0.02713213899363683 
0.33609958161877806 0.3983401680412846 0.26556025033993735 
0.3308550213512773 0.39776944486679017 0.27137553378193263 
0.41393432712992567 0.33196721479440805 0.2540984580756663 
0.35384613017754213 0.4115383713018793 0.23461549852057867 
0.32319392791567164 0.4144485766746274 0.2623574954097011 
0.36329584648406765 0.31835207675796623 0.31835207675796623 
0.37551015243654806 0.37551015243654806 0.24897969512690393 
0.33840303604216426 0.380228083390019 0.2813688805678169 
0.36328121490482634 0.3437499877929831 0.2929687973021907 
0.40769222189359017 0.3269230843195181 0.26538469378689183 
