3.731339106709956E-7 0.9925365755187587 0.007463051347330583 
0.033210664342437995 0.9483388025769713 0.018450533080590685 
0.36585361887770057 0.33739836902637926 0.2967480120959202 
0.35599997280003265 0.3519999776000269 0.29200004959994047 
0.3992247295836478 0.27519386605364415 0.32558140436270816 
0.3935742246093679 0.3172690956597241 0.289156679730908 
0.34677417728930165 0.41129022827794964 0.24193559443274867 
0.3754940211533346 0.3122529894233327 0.3122529894233327 
0.4047618197279924 0.29365084089185606 0.30158733938015153 
0.39855065374928944 0.2753623818524835 0.32608696439822715 
0.4146340471942514 0.304878083482012 0.2804878693237366 
0.35384613017754213 0.3269230843195181 0.3192307855029398 
0.04330742916445374 0.9094481384470805 0.04724443238846568 
0.40983597151314977 0.29918036986020097 0.2909836586266492 
0.386973118421703 0.2950192011273551 0.318007680450942 
0.422794018977185 0.2867647572447531 0.29044122377806203 
0.4356059443871845 0.23863647124643422 0.3257575843663814 
0.433734818793391 0.22489972903647104 0.341365452170138 
0.4512193684316645 0.22764240531413987 0.32113822625419564 
0.42164169219213565 0.223880719536508 0.35447758827135645 
0.3992394685481348 0.2813688805678169 0.3193916508840485 
0.4257811416627247 0.234375115966661 0.33984374237061443 
0.49553549705067357 0.205357314253597 0.29910718869572944 
0.037736183694886384 0.9245276326102273 0.037736183694886384 
0.4354242412277773 0.1992621410382203 0.36531361773400256 
0.4374998697918294 0.20833348958313802 0.35416664062503256 
0.4423790605437987 0.22676591810492408 0.3308550213512773 
0.5020406097461921 0.17959202498935717 0.3183673652644507 
0.4895395528792223 0.14225965406737984 0.3682007930533978 
0.4999998046877289 0.16015645294165673 0.33984374237061443 
0.46031730914606056 0.15079386810253798 0.38888882275140146 
0.419707934626349 0.19708044115280168 0.3832116242208494 
0.4863811443021662 0.13229595451834106 0.3813229011794928 
0.489451279175596 0.15189896384097404 0.35864975698343 
0.04044149951305201 0.9338228671071319 0.025735633379816127 
0.4530610778843944 0.1632655143687579 0.38367340774684766 
0.4729240365443648 0.14801464113937784 0.37906132231625744 
0.48425179025379106 0.12992150009271644 0.38582670965349253 
0.4816324714704431 0.11020435485181038 0.4081631736777465 
0.5479997424003091 0.09600028479965823 0.35599997280003265 
0.474999822916888 0.12083359895800129 0.4041665781251107 
0.5039680508316855 0.10317487717276526 0.3928570719955492 
0.4618472347222072 0.11245006532120644 0.4257026999565864 
0.509803713956415 0.11372574855794287 0.3764705374856422 
0.5254899700118 0.09411792848871157 0.38039210149948843 
0.03690069715789983 0.9409587369460477 0.022140565896052514 
0.49624041777396494 0.09398523234748232 0.4097743498785528 
0.5210081667964284 0.07563057693624756 0.40336125626732405 
0.5439327900425229 0.06276184590563275 0.3933053640518443 
0.5416664062503255 0.05833367708290364 0.3999999166667708 
0.534412711239622 0.03238902948700872 0.4331982592733693 
0.5645158493759886 0.048387441466804675 0.3870967091572067 
0.5185182613172297 0.023148578960306997 0.45833315972246336 
0.5579396249704399 0.025751468989524903 0.4163089060400351 
0.5819669074177368 0.00819712106911344 0.40983597151314977 
0.5141698208463714 0.00809756101510808 0.47773261813852047 
0.03597154391560009 0.9136684384872966 0.05036001759710332 
0.5606058023418913 0.00757612775440028 0.43181806990370847 
0.550561553676157 3.745314143841786E-7 0.44943807179242873 
0.5665396579395537 3.8022770316231585E-7 0.4334599618327432 
0.6168579116575729 3.831413220597831E-7 0.3831417052011052 
0.5650403678369498 4.0650356930459027E-7 0.4349592256594809 
0.6260500511974144 4.201675376039442E-7 0.37394952863504793 
0.599999680000384 3.99999520000576E-7 0.399999920000096 
0.593984668438344 3.7593942563222676E-7 0.40601495562223056 
0.5826443190359681 4.132226282364113E-7 0.41735526774140363 
0.5855510430976695 3.8022770316231585E-7 0.4144485766746274 
0.06227136014136248 0.9010982771813805 0.03663036267725713 
0.6160333974260792 4.219403941682774E-7 0.3839661806335266 
0.5909087716006963 4.132226282364113E-7 0.4090908151766754 
0.6315785851272245 4.048578078650107E-7 0.3684210100149676 
0.6118139934843965 4.219403941682774E-7 0.3881855845752094 
0.6329110131928103 4.219403941682774E-7 0.36708856486679553 
0.6074376767301528 4.132226282364113E-7 0.39256191004721896 
0.5560163203116345 4.149372428167102E-7 0.4439832647511227 
0.6356585631877173 3.8759644853126143E-7 0.36434104921583427 
0.6349806445087706 3.8022770316231585E-7 0.36501897526352634 
0.6135454818181492 3.984058983196434E-7 0.38645411977595245 
0.02264186116015718 0.9094333100754981 0.0679248287643448 
0.6138207961535006 4.0650356930459027E-7 0.3861787973429301 
0.593625186902167 3.984058983196434E-7 0.40637441469193464 
0.627192595799216 4.3859591412818316E-7 0.3728069656048698 
0.6265056708767017 4.0160594184023074E-7 0.3734939275173564 
0.680933446381191 3.8910460415804966E-7 0.3190661645142049 
0.6186437051139342 4.2372827492168443E-7 0.3813558711577909 
0.6404490931283598 3.745314143841786E-7 0.3595505323402259 
0.6592916027102619 4.4247728874696187E-7 0.34070795481244937 
0.6265556515904752 4.149372428167102E-7 0.373443933472282 
0.6601558670048434 3.906245422368646E-7 0.33984374237061443 
0.07500027678541774 0.8571422959189687 0.06785742729561361 
0.6931814092635501 3.787874483475966E-7 0.3068182119490016 
0.6856056602965982 3.787874483475966E-7 0.31439396091595356 
0.6666662698417423 3.9682492441477255E-7 0.3333333333333333 
0.664062112427212 3.906245422368646E-7 0.3359374969482458 
0.678430966551804 3.921564013846258E-7 0.3215686412917946 
0.6523433761601061 3.906245422368646E-7 0.3476562332153517 
0.6420229859653861 3.8910460415804966E-7 0.35797662493000987 
0.6623927405221275 4.273498794659665E-7 0.337606832127993 
0.685258543515685 3.984058983196434E-7 0.3147410580784166 
0.6719363573877185 3.952564483125119E-7 0.3280632473558332 
0.06185594997668387 0.8831609451949018 0.054983104828414266 
0.619771536382278 3.8022770316231585E-7 0.380228083390019 
0.698412263794924 3.9682492441477255E-7 0.30158733938015153 
0.6926065845059326 3.8910460415804966E-7 0.3073930263894634 
0.7079995504005395 3.99999520000576E-7 0.29200004959994047 
0.7044529905429264 4.048578078650107E-7 0.2955466045992657 
0.7118639255967047 4.2372827492168443E-7 0.28813565067502034 
0.7187495483403731 3.906245422368646E-7 0.28125006103508476 
0.6587297713534468 3.9682492441477255E-7 0.3412698318216288 
0.7020403648485328 4.08162765514981E-7 0.29795922698870164 
0.6949802760846223 3.860999388803797E-7 0.3050193378154389 
0.0036499960036540107 0.985400745911592 0.010949258084753923 
0.08118109094344177 0.8450178837440402 0.07380102531251811 
0.7125979772464835 3.93700322401194E-7 0.28740162905319405 
0.7280329773644636 4.184095166407741E-7 0.2719666042260198 
0.7396689177658045 4.132226282364113E-7 0.2603306690115673 
0.6798414863539687 3.952564483125119E-7 0.3201581183895829 
0.73684165017859 3.7593942563222676E-7 0.26315797388198436 
0.7450975547871904 3.921564013846258E-7 0.2549020530564082 
0.7297292705838565 3.860999388803797E-7 0.2702703433162047 
0.7411759907733442 3.921564013846258E-7 0.2588236170702544 
0.7459672427815611 4.0322531867905E-7 0.2540323539931202 
0.7768234633174292 4.291839967588025E-7 0.22317610749857403 
0.07777806172807956 0.840740176955359 0.0814817613165615 
0.7647053748564218 3.921564013846258E-7 0.2352942329871769 
0.7439995072005914 3.99999520000576E-7 0.25600009279988867 
0.7635653912030336 3.8759644853126143E-7 0.23643422120051802 
0.7283014396587476 3.773580633682302E-7 0.2716981829831891 
0.7479669740240154 4.0650356930459027E-7 0.2520326194724153 
0.7469874534287709 4.0160594184023074E-7 0.2530121449652872 
0.7667979049827214 3.952564483125119E-7 0.23320169976083033 
0.7401569998145672 3.93700322401194E-7 0.25984260648511043 
0.7807687144976372 3.8461494082891446E-7 0.2192309008874221 
0.7451732681390717 3.860999388803797E-7 0.2548263457609895 
0.05243477254519939 0.8838945124780759 0.06367071497672475 
0.7903220278362566 4.0322531867905E-7 0.20967756893842468 
0.7817454979220263 3.9682492441477255E-7 0.2182541052530493 
0.7701607619023041 4.0322531867905E-7 0.22983883487237716 
0.7710838099391848 4.0160594184023074E-7 0.22891578845487334 
0.748061533261783 3.8759644853126143E-7 0.25193807914176847 
0.7769225650893481 3.8461494082891446E-7 0.22307705029571123 
0.783672917951529 4.08162765514981E-7 0.21632667388570545 
0.7799994640006431 3.99999520000576E-7 0.2200001359998368 
0.8314601144642909 3.745314143841786E-7 0.16853951100429476 
0.787148047612794 4.0160594184023074E-7 0.21285155078126414 
0.05813985487613774 0.879844325762412 0.062015819361450356 
0.8076917603556611 3.8461494082891446E-7 0.19230785502939807 
0.7984184208477223 3.952564483125119E-7 0.20158118389582938 
0.7945731070855344 3.8759644853126143E-7 0.2054265053180171 
0.8445371707514654 4.201675376039442E-7 0.15546240908099695 
0.8063235498139726 3.952564483125119E-7 0.19367605492957915 
0.7954540203174012 3.787874483475966E-7 0.20454560089515053 
0.8286846669107567 3.984058983196434E-7 0.171314934683345 
0.8253962396076513 3.9682492441477255E-7 0.17460336356742434 
0.8300389367127232 3.952564483125119E-7 0.16996066803082843 
0.8467735724513237 4.0322531867905E-7 0.1532260243233577 
0.06844136679692 0.8593149893745369 0.07224364382854316 
0.8352054286081327 3.745314143841786E-7 0.164794196860453 
0.8326687258939531 3.984058983196434E-7 0.16733087570014857 
0.8255808229680354 3.8759644853126143E-7 0.1744187894355162 
0.8320306655890638 3.906245422368646E-7 0.16796894378639401 
0.8515618927009071 3.906245422368646E-7 0.1484377166745508 
0.8039210149948843 3.921564013846258E-7 0.1960785928487143 
0.8378372534703629 3.860999388803797E-7 0.16216236042969837 
0.8171200578365084 3.8910460415804966E-7 0.1828795530588875 
0.8582989575316305 4.048578078650107E-7 0.14170063761056162 
0.8467427048934427 3.831413220597831E-7 0.1532569119652353 
0.11278220362909366 0.8233077180740023 0.06391007829690418 
0.8853748394764749 3.952564483125119E-7 0.11462476526707675 
0.8719993536007756 3.99999520000576E-7 0.12800024639970434 
0.8565730797931317 3.984058983196434E-7 0.14342652180096996 
0.8233077180740023 3.7593942563222676E-7 0.17669190598657222 
0.8846147485214441 3.8461494082891446E-7 0.11538486686361517 
0.8709670915720666 4.0322531867905E-7 0.1290325052026147 
0.874015109430973 3.93700322401194E-7 0.1259844968687045 
0.8910499326265379 3.8910460415804966E-7 0.10894967826885806 
0.8947361602394814 4.048578078650107E-7 0.10526343490271065 
0.9042139032024102 3.831413220597831E-7 0.09578571365626784 
0.10526341511644913 0.8421046893556136 0.05263189552793738 
0.9028333163967817 4.048578078650107E-7 0.09716627874541042 
0.8841692461360084 3.860999388803797E-7 0.1158303677640528 
0.8871588865849573 3.8910460415804966E-7 0.11284072431043855 
0.9098353567598072 4.098355616775881E-7 0.09016423340463106 
0.9042139032024102 3.831413220597831E-7 0.09578571365626784 
0.8897332056275222 3.8022770316231585E-7 0.11026641414477474 
0.8949409786681184 3.8910460415804966E-7 0.10505863222727756 
0.9007346683073512 3.676466533308971E-7 0.09926496404599554 
0.8843277414241701 3.731339106709956E-7 0.1156718854419193 
0.920754051976545 3.773580633682302E-7 0.0792455706653917 
0.07692335869227983 0.8498162822531697 0.0732603590545505 
0.8992530978510099 3.731339106709956E-7 0.10074652901507947 
0.9254894994241183 3.921564013846258E-7 0.07451010841948029 
0.940944164239176 3.93700322401194E-7 0.0590554420605015 
0.9090902263752256 3.952564483125119E-7 0.09090937836832604 
0.9333326274518108 3.921564013846258E-7 0.06666698039178777 
0.9367581777571015 3.952564483125119E-7 0.06324142698645022 
0.9157081428642037 3.831413220597831E-7 0.08429147399447434 
0.9254894994241183 3.921564013846258E-7 0.07451010841948029 
0.9463594486289864 3.831413220597831E-7 0.05364016822969169 
0.9427473938006942 3.816789522760089E-7 0.057252224520353605 
0.09665453904698248 0.8475830696099597 0.055762391343057986 
0.9571977153334064 3.8910460415804966E-7 0.04280189556198962 
0.9651155444392895 3.8759644853126143E-7 0.03488406796426206 
0.9482064364066497 3.984058983196434E-7 0.051793165187451966 
0.9543719151651159 3.8022770316231585E-7 0.04562770460718106 
0.9651155444392895 3.8759644853126143E-7 0.03488406796426206 
0.9715439371415401 4.0650356930459027E-7 0.028455656354890623 
0.954022275070182 3.831413220597831E-7 0.04597734178849603 
0.9613892339120843 3.860999388803797E-7 0.038610379987976846 
0.9607835755487346 3.921564013846258E-7 0.039216032294863964 
0.9619764692283622 3.8022770316231585E-7 0.03802315054393474 
0.12167324523964423 0.8326990501531748 0.04562770460718106 
0.9806194023805399 3.8759644853126143E-7 0.0193802100230116 
0.9689915089246021 3.8759644853126143E-7 0.031008103478949445 
0.9884162296337108 3.860999388803797E-7 0.011583384266350272 
0.9655165147319755 3.831413220597831E-7 0.03448310212670254 
0.9999992337173559 3.831413220597831E-7 3.831413220597831E-7 
0.984732078551055 3.816789522760089E-7 0.01526753976999263 
0.9727618994997282 3.8910460415804966E-7 0.027237711395667632 
0.9960151442050069 3.984058983196434E-7 0.003984457389094754 
0.9922472958364776 3.8759644853126143E-7 0.007752316567073761 
0.984732078551055 3.816789522760089E-7 0.01526753976999263 
3.703699588481939E-7 0.9925918600831184 0.0074077695469227265 
0.07575786845696766 0.8295448906686849 0.0946972408743475 
0.9999992395445937 3.8022770316231585E-7 3.8022770316231585E-7 
0.08029224785520309 0.8102184559651943 0.10948929617960274 
0.11721635470730254 0.8021972869626884 0.08058635833000917 
0.12075495763589704 0.7962258910650291 0.083019151299074 
0.10000026923045859 0.7730764156810589 0.12692331508848262 
0.10305369879347467 0.8167933395496113 0.08015296165691414 
0.09818207471046396 0.7927267715707947 0.10909115371874141 
0.1417626723034418 0.7624516140402905 0.09578571365626784 
0.13712394268500736 0.7290965928796728 0.13377946443532 
0.1574805226608 0.7322829933665432 0.11023648397265672 
3.623184467553115E-7 0.9782601685577877 0.021739469123765447 
0.14671836287448317 0.7528952669166793 0.1003863702088376 
0.18248191699060187 0.7226273109919953 0.09489077201740291 
0.1571430459181651 0.7142853061228863 0.12857164795894863 
0.1720431841829561 0.7311823679042639 0.09677444791278003 
0.12549044059948167 0.7490191188010367 0.12549044059948167 
0.17529899366654145 0.6812744845324886 0.14342652180096996 
0.18545470677668355 0.6836359814880203 0.1309093117352963 
0.18181835399429472 0.6969692837470262 0.12121236225867928 
0.15241655864324316 0.7063192866327659 0.14126415472399104 
0.16862764475179048 0.7019603506348816 0.1294120046133279 
0.010830674190605571 0.9530679208650676 0.03610140494432678 
0.14062522582981352 0.7109370574956358 0.1484377166745508 
0.21481494650191132 0.659258897119744 0.12592615637834478 
0.22260285349021905 0.6301366813664233 0.14726046514335775 
0.17518265490950194 0.6423354280998963 0.18248191699060187 
0.21804524280611717 0.6390973995142112 0.1428573576796718 
0.18148165020557386 0.6666662962967079 0.15185205349771835 
0.15600021279974466 0.6599996080004704 0.18400017919978498 
0.1825398620557198 0.654761522109299 0.16269861583498116 
0.23178818034286724 0.5894037191353784 0.17880810052175447 
0.178988507017307 0.6070035715911616 0.2140079213915315 
0.010949258084753923 0.9562036975871924 0.03284704432805366 
0.2490566991810953 0.5999996981135494 0.15094360270535545 
0.17886197699758905 0.6382110103117761 0.18292701269063494 
0.1877396309506158 0.6475092174223556 0.1647511516270288 
0.18972349044645404 0.6086953256577166 0.20158118389582938 
0.24803159681307463 0.555117848286006 0.1968505549009194 
0.24809170065835806 0.6030531262750463 0.14885517306659574 
0.25000009469686213 0.5909087982096991 0.15909110709343893 
0.23420085405109217 0.5650555036555722 0.20074364229333577 
0.2540323539931202 0.5645158493759886 0.18145179663089117 
0.2367348121614545 0.5632650245734393 0.20000016326510622 
0.03928602933639714 0.9392850650517159 0.021428905611886845 
0.2287824035619149 0.5830255538462504 0.1881920425918348 
0.2600000879998944 0.5239997712002745 0.21600014079983104 
0.28627456516717825 0.541176226067185 0.17254920876563676 
0.26007334057874665 0.5421243126839055 0.19780234673734792 
0.30651344078914855 0.46743279605425747 0.2260537631565941 
0.22222234993599627 0.5823751926721924 0.19540245739181145 
0.26070047389049744 0.5252916047179712 0.2140079213915315 
0.2846442494633902 0.5131084122377391 0.20224733829887084 
0.2996255060387573 0.5205990405254227 0.17977545343582013 
0.285714339419918 0.5187967833118986 0.19548887726818356 
0.025735633379816127 0.9558816663069857 0.018382700313198184 
0.2520326194724153 0.5203249752134449 0.22764240531413987 
0.3173431911329988 0.4391142740432391 0.24354253482376223 
0.3193916508840485 0.44866906995923583 0.23193927915671583 
0.28625959588595895 0.4732822825012033 0.2404581216128379 
0.3157894934704961 0.42105253264751963 0.26315797388198436 
0.33076923372780725 0.4692306124262165 0.20000015384597636 
0.29411769319487074 0.44313712572102854 0.26274518108410067 
0.3248175275720501 0.46350350711294847 0.2116789653150015 
0.33599999680000386 0.42399989120013054 0.2400001119998656 
0.3053435434997594 0.48091586154672344 0.21374059495351724 
0.023256174508324217 0.9534876509833516 0.023256174508324217 
0.3112033470497755 0.4190870301821201 0.26970962276810445 
0.30855021351277306 0.40892184878604226 0.28252793770118473 
0.41393432712992567 0.34836063726151156 0.2377050356085628 
0.33846153254438555 0.4346152677516142 0.22692319970400038 
0.3193916508840485 0.42965768480112004 0.2509506643148316 
0.34456927576485874 0.3295880191894916 0.32584270504564977 
0.37551015243654806 0.3714285247813982 0.25306132278205373 
0.3536121441686569 0.380228083390019 0.2661597724413242 
0.3476562332153517 0.3476562332153517 0.3046875335692966 
0.403846072485301 0.33846153254438555 0.25769239497031354 
