3.731339106709956E-7 0.9888052364120488 0.011194390454040538 
0.040590729973361654 0.9298886384996623 0.02952063152697617 
0.40650397580815956 0.32520326194724153 0.2682927622445989 
0.34399998720001534 0.35599997280003265 0.300000039999952 
0.40697665855427306 0.2713179015683315 0.3217054398773955 
0.4016063434461726 0.2971887985677126 0.3012048579861149 
0.36290319003646365 0.38306445597041616 0.2540323539931202 
0.3913042790858351 0.2964427314908322 0.3122529894233327 
0.4007935704838447 0.3174603363567424 0.2817460931594129 
0.40217383821684255 0.2681160129173773 0.32971014886578026 
0.4471543327386186 0.26422772655155297 0.2886179407098284 
0.3615384289941204 0.3115384866863615 0.3269230843195181 
0.04724443238846568 0.8976371287750448 0.05511843883648956 
0.39754090466282216 0.29918036986020097 0.3032787254769769 
0.37931029198050736 0.2988506143479529 0.3218390936715399 
0.422794018977185 0.27573535764482615 0.30147062337798897 
0.45075744232108833 0.2310607222794823 0.3181818353994295 
0.4457829970485979 0.21686761019966644 0.33734939275173564 
0.4349592256594809 0.23170744100718577 0.3333333333333333 
0.41417901397871576 0.22761205864321796 0.3582089273780664 
0.4182508537062506 0.2699620494729474 0.31178709682080213 
0.4257811416627247 0.21484388885481778 0.3593749694824577 
0.4999997767860132 0.1830359155768988 0.316964307637088 
0.033962603061204084 0.9169804713428628 0.04905692559593329 
0.4391142740432391 0.19557210822275845 0.36531361773400256 
0.44166653125016925 0.19166684374977866 0.3666666250000521 
0.45724893243613485 0.2118960462125879 0.3308550213512773 
0.49387735443589253 0.17959202498935717 0.3265306205747503 
0.4895395528792223 0.1380755589009721 0.3723848882198056 
0.5078122955324662 0.1562502075192881 0.3359374969482458 
0.4523808106577651 0.15079386810253798 0.39682532123969694 
0.42335756566689897 0.2043797032339016 0.37226273109919955 
0.4785990522190052 0.14396909264308255 0.37743185513791233 
0.506328894942327 0.1434601559576085 0.35021094910006445 
0.051470899112978925 0.9080876013739692 0.04044149951305201 
0.4489794502292446 0.16734714202390774 0.38367340774684766 
0.4729240365443648 0.13718432795921162 0.3898916354964237 
0.48425179025379106 0.13779550654074033 0.37795270320546864 
0.4734692161601435 0.10612272719666058 0.42040805664319597 
0.5279997664002803 0.11200026559968128 0.3599999680000384 
0.48749980729190756 0.11666693749966145 0.395833255208431 
0.5357140447848673 0.10317487717276526 0.3611110780423674 
0.47389541297741405 0.10040188706599952 0.4257026999565864 
0.5176468419841075 0.09803949250255783 0.3843136655133347 
0.5294115340256462 0.09019636447486531 0.38039210149948843 
0.03690069715789983 0.9298886384996623 0.033210664342437995 
0.49248102351764267 0.10526341511644913 0.4022555613659083 
0.5336131929245467 0.05462220005605035 0.41176460701940293 
0.5439327900425229 0.05020956040640953 0.4058576495510675 
0.5458330677086654 0.05833367708290364 0.395833255208431 
0.534412711239622 0.024291873329708506 0.4412954154306695 
0.5766126089363601 0.040322935093223676 0.38306445597041616 
0.5138886381176322 0.023148578960306997 0.4629627829220607 
0.566523304905616 0.02145962902193688 0.4120170660724471 
0.5860652630345127 0.00819712106911344 0.4057376158963739 
0.5182183989250215 0.00809756101510808 0.47368404005987036 
0.03597154391560009 0.9028770832261692 0.06115137285823073 
0.5681815513088433 0.00757612775440028 0.42424232093675657 
0.5543068678199987 3.745314143841786E-7 0.44569275764858696 
0.5855510430976695 3.8022770316231585E-7 0.4144485766746274 
0.6168579116575729 3.831413220597831E-7 0.3831417052011052 
0.5691054035299957 4.0650356930459027E-7 0.43089418996643497 
0.6344534019494933 4.201675376039442E-7 0.36554617788296906 
0.6039996752003898 3.99999520000576E-7 0.3959999248000902 
0.5902252741820216 3.7593942563222676E-7 0.4097743498785528 
0.5826443190359681 4.132226282364113E-7 0.41735526774140363 
0.5855510430976695 3.8022770316231585E-7 0.4144485766746274 
0.06227136014136248 0.8901092782681924 0.04761936159044514 
0.6118139934843965 4.219403941682774E-7 0.3881855845752094 
0.5909087716006963 4.132226282364113E-7 0.4090908151766754 
0.6356271632058746 4.048578078650107E-7 0.36437243193631746 
0.6075945895427136 4.219403941682774E-7 0.39240498851689215 
0.6413498210761759 4.219403941682774E-7 0.35864975698343 
0.6115699030125169 4.132226282364113E-7 0.3884296837648548 
0.5726138100243029 4.149372428167102E-7 0.4273857750384543 
0.6434104921583426 3.8759644853126143E-7 0.35658912024520906 
0.6387829215403937 3.8022770316231585E-7 0.3612166982319032 
0.6135454818181492 3.984058983196434E-7 0.38645411977595245 
0.037736183694886384 0.8867918262734042 0.0754719900317094 
0.6097557604604548 4.0650356930459027E-7 0.390243833035976 
0.593625186902167 3.984058983196434E-7 0.40637441469193464 
0.627192595799216 4.3859591412818316E-7 0.3728069656048698 
0.6385538491319087 4.0160594184023074E-7 0.3614457492621495 
0.6848244924227715 3.8910460415804966E-7 0.31517511847262436 
0.622880987863151 4.2372827492168443E-7 0.37711858840857404 
0.6329584648406763 3.745314143841786E-7 0.3670411606279094 
0.6637163755977314 4.4247728874696187E-7 0.33628318192497975 
0.6307050240186423 4.149372428167102E-7 0.3692945610441149 
0.664062112427212 3.906245422368646E-7 0.3359374969482458 
0.0785717015303198 0.8464280216842626 0.07500027678541774 
0.6742420368461703 3.787874483475966E-7 0.3257575843663814 
0.6704541623626944 3.787874483475966E-7 0.3295454588498574 
0.6626980205975945 3.9682492441477255E-7 0.33730158257748105 
0.6601558670048434 3.906245422368646E-7 0.33984374237061443 
0.6901956585933429 3.921564013846258E-7 0.3098039492502558 
0.6523433761601061 3.906245422368646E-7 0.3476562332153517 
0.6459140320069666 3.8910460415804966E-7 0.35408557888842934 
0.6666662393167871 4.273498794659665E-7 0.3333333333333333 
0.6772904255492922 3.984058983196434E-7 0.32270917604480953 
0.6719363573877185 3.952564483125119E-7 0.3280632473558332 
0.07216521769908829 0.8694152548983627 0.05841952740254907 
0.6311783674771474 3.8022770316231585E-7 0.3688212522951495 
0.698412263794924 3.9682492441477255E-7 0.30158733938015153 
0.6887155384643521 3.8910460415804966E-7 0.3112840724310439 
0.7199995360005568 3.99999520000576E-7 0.2800000639999232 
0.7044529905429264 4.048578078650107E-7 0.2955466045992657 
0.7076266428474879 4.2372827492168443E-7 0.29237293342423715 
0.7148433029180045 3.906245422368646E-7 0.2851563064574534 
0.6666662698417423 3.9682492441477255E-7 0.3333333333333333 
0.6938771095382332 4.08162765514981E-7 0.30612248229900124 
0.7027022748622299 3.860999388803797E-7 0.2972973390378313 
0.0036499960036540107 0.981751114871042 0.014598889125303877 
0.0848711237589036 0.8376378181131166 0.07749105812797993 
0.7086609740224716 3.93700322401194E-7 0.29133863227720597 
0.719664787031648 4.184095166407741E-7 0.2803347945588353 
0.7438011440481685 4.132226282364113E-7 0.2561984427292032 
0.687746615320219 3.952564483125119E-7 0.3122529894233327 
0.7406010444349124 3.7593942563222676E-7 0.2593985796256621 
0.7372544267594979 3.921564013846258E-7 0.26274518108410067 
0.7297292705838565 3.860999388803797E-7 0.2702703433162047 
0.7607838108425755 3.921564013846258E-7 0.23921579700102313 
0.7499994959683516 4.0322531867905E-7 0.2500001008063297 
0.7682397833822532 4.291839967588025E-7 0.2317597874337501 
0.07037066255111568 0.8481475761323228 0.0814817613165615 
0.7647053748564218 3.921564013846258E-7 0.2352942329871769 
0.7439995072005914 3.99999520000576E-7 0.25600009279988867 
0.7596894267177209 3.8759644853126143E-7 0.24031018568583062 
0.7245278590250653 3.773580633682302E-7 0.2754717636168714 
0.7520320097170613 4.0650356930459027E-7 0.24796758377936937 
0.7389553345919664 4.0160594184023074E-7 0.2610442638020918 
0.7667979049827214 3.952564483125119E-7 0.23320169976083033 
0.7401569998145672 3.93700322401194E-7 0.25984260648511043 
0.7769225650893481 3.8461494082891446E-7 0.22307705029571123 
0.7490342675278755 3.860999388803797E-7 0.2509653463721857 
0.056180086689041175 0.8689132559027088 0.0749066574082501 
0.7782252682758851 4.0322531867905E-7 0.22177432849879616 
0.7817454979220263 3.9682492441477255E-7 0.2182541052530493 
0.7782252682758851 4.0322531867905E-7 0.22177432849879616 
0.7750998693575871 4.0160594184023074E-7 0.22489972903647104 
0.7364336398058452 3.8759644853126143E-7 0.2635659725977063 
0.7730764156810589 3.8461494082891446E-7 0.22692319970400038 
0.7877545456066788 4.08162765514981E-7 0.21224504623055565 
0.783999459200649 3.99999520000576E-7 0.21600014079983104 
0.8314601144642909 3.745314143841786E-7 0.16853951100429476 
0.7831319881943917 4.0160594184023074E-7 0.21686761019966644 
0.05813985487613774 0.8643404678211615 0.07751967730270082 
0.7961533121307938 3.8461494082891446E-7 0.2038463032542655 
0.7944658563645972 3.952564483125119E-7 0.2055337483789545 
0.7868211781149093 3.8759644853126143E-7 0.21317843428864233 
0.8487388461275048 4.201675376039442E-7 0.15126073370495752 
0.8023709853308474 3.952564483125119E-7 0.19762861941270427 
0.7992418948008772 3.787874483475966E-7 0.20075772641167455 
0.8286846669107567 3.984058983196434E-7 0.171314934683345 
0.8253962396076513 3.9682492441477255E-7 0.17460336356742434 
0.8379440656789735 3.952564483125119E-7 0.1620555390645782 
0.8508058256381141 4.0322531867905E-7 0.14919377113656718 
0.0874527519550358 0.8250944960899285 0.0874527519550358 
0.8352054286081327 3.745314143841786E-7 0.164794196860453 
0.8366527848771496 3.984058983196434E-7 0.16334681671695214 
0.8217048584827228 3.8759644853126143E-7 0.1782947539208288 
0.8398431564338011 3.906245422368646E-7 0.16015645294165673 
0.8515618927009071 3.906245422368646E-7 0.1484377166745508 
0.7999994509810381 3.921564013846258E-7 0.20000015686256056 
0.8455592522479705 3.860999388803797E-7 0.15444036165209077 
0.8171200578365084 3.8910460415804966E-7 0.1828795530588875 
0.8623475356102807 4.048578078650107E-7 0.1376520595319115 
0.8467427048934427 3.831413220597831E-7 0.1532569119652353 
0.11654159788541593 0.8157889295613577 0.06766947255322645 
0.8774697105102247 3.952564483125119E-7 0.122529894233327 
0.8759993488007815 3.99999520000576E-7 0.12400025119969856 
0.8565730797931317 3.984058983196434E-7 0.14342652180096996 
0.81954832381768 3.7593942563222676E-7 0.1804513002428945 
0.8769224497048658 3.8461494082891446E-7 0.12307716568019347 
0.8709670915720666 4.0322531867905E-7 0.1290325052026147 
0.8700781062069611 3.93700322401194E-7 0.12992150009271644 
0.8910499326265379 3.8910460415804966E-7 0.10894967826885806 
0.8825904260035311 4.048578078650107E-7 0.11740916913866097 
0.9042139032024102 3.831413220597831E-7 0.09578571365626784 
0.10150402086012686 0.8308265065866468 0.06766947255322645 
0.9068818944754318 4.048578078650107E-7 0.09311770066676033 
0.8880302455248122 3.860999388803797E-7 0.111969368375249 
0.8988320247096988 3.8910460415804966E-7 0.10116758618569707 
0.9098353567598072 4.098355616775881E-7 0.09016423340463106 
0.9157081428642037 3.831413220597831E-7 0.08429147399447434 
0.8897332056275222 3.8022770316231585E-7 0.11026641414477474 
0.8988320247096988 3.8910460415804966E-7 0.10116758618569707 
0.8970582017740423 3.676466533308971E-7 0.10294143057930451 
0.89179041963759 3.731339106709956E-7 0.10820920722849937 
0.920754051976545 3.773580633682302E-7 0.0792455706653917 
0.08058635833000917 0.8498162822531697 0.06959735941682116 
0.8955217587443 3.731339106709956E-7 0.10447786812178943 
0.921567935410272 3.921564013846258E-7 0.07843167243332655 
0.940944164239176 3.93700322401194E-7 0.0590554420605015 
0.9090902263752256 3.952564483125119E-7 0.09090937836832604 
0.9333326274518108 3.921564013846258E-7 0.06666698039178777 
0.9328056132739764 3.952564483125119E-7 0.06719399146957533 
0.9157081428642037 3.831413220597831E-7 0.08429147399447434 
0.9254894994241183 3.921564013846258E-7 0.07451010841948029 
0.9463594486289864 3.831413220597831E-7 0.05364016822969169 
0.9389306042779341 3.816789522760089E-7 0.0610690140431137 
0.10780694296623462 0.8327131977176234 0.05947985931614203 
0.9533066692918258 3.8910460415804966E-7 0.04669294160357011 
0.9612395799539769 3.8759644853126143E-7 0.038760032449574676 
0.9482064364066497 3.984058983196434E-7 0.051793165187451966 
0.9543719151651159 3.8022770316231585E-7 0.04562770460718106 
0.9689915089246021 3.8759644853126143E-7 0.031008103478949445 
0.9715439371415401 4.0650356930459027E-7 0.028455656354890623 
0.954022275070182 3.831413220597831E-7 0.04597734178849603 
0.9652502333008881 3.860999388803797E-7 0.034749380599173055 
0.9607835755487346 3.921564013846258E-7 0.039216032294863964 
0.9619764692283622 3.8022770316231585E-7 0.03802315054393474 
0.1254755222712674 0.8174899420266821 0.05703453570205053 
0.9806194023805399 3.8759644853126143E-7 0.0193802100230116 
0.9689915089246021 3.8759644853126143E-7 0.031008103478949445 
0.9884162296337108 3.860999388803797E-7 0.011583384266350272 
0.9655165147319755 3.831413220597831E-7 0.03448310212670254 
0.9999992337173559 3.831413220597831E-7 3.831413220597831E-7 
0.980915289028295 3.816789522760089E-7 0.01908432929275272 
0.9727618994997282 3.8910460415804966E-7 0.027237711395667632 
0.9999992031882033 3.984058983196434E-7 3.984058983196434E-7 
0.9922472958364776 3.8759644853126143E-7 0.007752316567073761 
0.984732078551055 3.816789522760089E-7 0.01526753976999263 
3.703699588481939E-7 0.9888881604946365 0.011111469135404665 
0.07575786845696766 0.8257570161852089 0.09848511535782346 
0.9999992395445937 3.8022770316231585E-7 3.8022770316231585E-7 
0.09124114097685294 0.7883206697218945 0.12043818930125261 
0.09890135651865585 0.8168492855136057 0.0842493579677385 
0.13962286080430855 0.7698108266292529 0.09056631256643861 
0.084615671597302 0.7961533121307938 0.11923101627190431 
0.10305369879347467 0.8015261814585709 0.09542011974795449 
0.10545479404931558 0.7745449732236657 0.12000023272701886 
0.13409984586224616 0.7586202008196926 0.10727995331806132 
0.15384633393344424 0.7123742016312359 0.13377946443532 
0.15354351943678807 0.7322829933665432 0.11417348719666866 
3.623184467553115E-7 0.9782601685577877 0.021739469123765447 
0.13513536470807178 0.7644782650830907 0.1003863702088376 
0.18248191699060187 0.7153280489108954 0.10219003409850282 
0.15357162117326306 0.7178567308677885 0.12857164795894863 
0.15412205649958086 0.734766593440939 0.11111135005948022 
0.1294120046133279 0.7450975547871904 0.12549044059948167 
0.17529899366654145 0.6772904255492922 0.1474105807841664 
0.17818198743783192 0.6836359814880203 0.13818203107414795 
0.17045473054386684 0.7007571582305021 0.1287881112256312 
0.15613402661632722 0.7063192866327659 0.137546686750907 
0.16470608073794424 0.7019603506348816 0.13333356862717416 
0.0036104654038280827 0.9638982340452339 0.03249130055093803 
0.16406269836402537 0.6874995849614239 0.1484377166745508 
0.20000014814798356 0.6666662962967079 0.13333355555530865 
0.22260285349021905 0.6267120273506569 0.15068511915912416 
0.18978117907170178 0.6350361660187964 0.17518265490950194 
0.22180463706243944 0.6203004282325998 0.15789493470496088 
0.1925927489710197 0.6444440987658162 0.16296315226316418 
0.1600002079997504 0.6519996176004589 0.18800017439979072 
0.17857161281157205 0.6468250236210036 0.17460336356742434 
0.23178818034286724 0.5761586991801002 0.19205312047703266 
0.1828795530588875 0.5992214795080006 0.21789896743311196 
0.018248520165853835 0.9452548044655426 0.03649667536860361 
0.21509447347795457 0.6415090850840547 0.14339644143799085 
0.18292701269063494 0.6260159032326383 0.19105708407672675 
0.1877396309506158 0.636014977760562 0.1762453912888223 
0.19367605492957915 0.6166004546239668 0.18972349044645404 
0.24015759036505074 0.5787398676300776 0.18110254200487166 
0.2709924377949186 0.5839691786612459 0.14503838354383566 
0.25000009469686213 0.587120923726223 0.1628789815769149 
0.20074364229333577 0.5836428435209924 0.21561351418567193 
0.2701613667402822 0.5443545834420361 0.18548404981768168 
0.2367348121614545 0.5591833969182894 0.20408179092025602 
0.028571755101690962 0.9499993392864222 0.021428905611886845 
0.23985250200830038 0.568265422584403 0.19188207540729663 
0.27600006879991745 0.5119997856002573 0.21200014559982527 
0.3098039492502558 0.5176468419841075 0.17254920876563676 
0.27106233949193465 0.5347983134084469 0.1941393470996186 
0.3026820275685507 0.46360138283365965 0.23371658959778976 
0.2375480028183876 0.5708809530103989 0.19157104417121362 
0.23735419764101445 0.5486378809674541 0.2140079213915315 
0.2996255060387573 0.498127155662372 0.20224733829887084 
0.3033708201825991 0.5093630980938973 0.1872660817235037 
0.2969925221888848 0.5037592062866095 0.19924827152450583 
0.03676503297974304 0.9338228671071319 0.029412099913125097 
0.2520326194724153 0.5081298681343072 0.23983751239327758 
0.3321033223948461 0.4243541427813918 0.24354253482376223 
0.30798481978917897 0.44866906995923583 0.24334611025158528 
0.27862601684043875 0.4656487034556831 0.2557252797038782 
0.3045113107015293 0.4473682924417755 0.2481203968566953 
0.3576922795858313 0.4346152677516142 0.20769245266255465 
0.298039257208717 0.43529399769333604 0.26666674509794697 
0.33211678965315006 0.44890498295074865 0.21897822739610143 
0.32400001119998656 0.4279998864001363 0.24800010239987713 
0.3091603330225195 0.48473265106948354 0.20610701590799707 
0.011628281052386375 0.9689915089246021 0.0193802100230116 
0.32780083676244387 0.4190870301821201 0.25311213305543606 
0.3122676814858571 0.40892184878604226 0.2788104697281007 
0.4180326827467015 0.34836063726151156 0.2336066799917869 
0.34615383136096384 0.41538452071016846 0.23846164792886781 
0.30418254275755585 0.44486679292761266 0.2509506643148316 
0.3595505323402259 0.322097390901808 0.31835207675796623 
0.3673468971262484 0.39183666305714726 0.2408164398166043 
0.3307984819789179 0.39543719151651163 0.27376432650457055 
0.3359374969482458 0.36328121490482634 0.300781288146928 
0.38846147485214444 0.34615383136096384 0.26538469378689183 
