3.731339106709956E-7 0.9888052364120488 0.011194390454040538 
0.033210664342437995 0.9372687041305859 0.02952063152697617 
0.36585361887770057 0.3333333333333333 0.3008130477889661 
0.3519999776000269 0.33599999680000386 0.31200002559996926 
0.40310069406896043 0.2713179015683315 0.32558140436270816 
0.41365452170137945 0.29317273914931025 0.29317273914931025 
0.34274192410251114 0.4072579750911592 0.2500001008063297 
0.3715414566702095 0.3201581183895829 0.3083004249402076 
0.4087300689721401 0.29365084089185606 0.2976190901360038 
0.40579702268439566 0.2681160129173773 0.32608696439822715 
0.4268291542733891 0.2764228336306907 0.2967480120959202 
0.38076917603556615 0.296153889053205 0.32307693491122896 
0.0393704259404418 0.9055111352230686 0.05511843883648956 
0.40983597151314977 0.28688530300987336 0.3032787254769769 
0.39080453164230083 0.29118778790675726 0.318007680450942 
0.43014695204380293 0.27941182417813515 0.29044122377806203 
0.4469695678376123 0.23484859676295824 0.3181818353994295 
0.44979905646700025 0.21686761019966644 0.3333333333333333 
0.4512193684316645 0.21544729823500217 0.3333333333333333 
0.4253730312988456 0.223880719536508 0.3507462491646465 
0.41064629964300425 0.2661597724413242 0.32319392791567164 
0.4257811416627247 0.22265637969955507 0.3515624786377204 
0.48214265784465465 0.21428587372427627 0.3035714684310691 
0.02264186116015718 0.9245276326102273 0.05283050622961559 
0.43173420841231547 0.2140222723000676 0.35424351928761705 
0.44166653125016925 0.19583350520811849 0.3624999635417122 
0.45724893243613485 0.20817857823950384 0.3345724893243614 
0.5020406097461921 0.17959202498935717 0.3183673652644507 
0.4895395528792223 0.14225965406737984 0.3682007930533978 
0.5117185409548348 0.14453147125218216 0.3437499877929831 
0.46031730914606056 0.14682561885839027 0.3928570719955492 
0.43065682774799885 0.2043797032339016 0.3649634690180997 
0.47470800617742476 0.13618700055992156 0.3891049932626538 
0.506328894942327 0.1434601559576085 0.35021094910006445 
0.04044149951305201 0.919117000973896 0.04044149951305201 
0.461224333194694 0.1551022590584583 0.38367340774684766 
0.47653414093775354 0.13718432795921162 0.3862815311030349 
0.4763777838057672 0.13779550654074033 0.38582670965349253 
0.4775508438152933 0.10204109954151076 0.42040805664319597 
0.5199997760002688 0.12800024639970434 0.3519999776000269 
0.48749980729190756 0.12083359895800129 0.39166659375009116 
0.5357140447848673 0.09523837868446981 0.36904757653066284 
0.4377508782117933 0.12449824357641336 0.4377508782117933 
0.5058821499425686 0.11372574855794287 0.38039210149948843 
0.5215684059979537 0.09803949250255783 0.38039210149948843 
0.04428076278882348 0.9261986056842004 0.02952063152697617 
0.4849622350049982 0.10526341511644913 0.4097743498785528 
0.5252098421724678 0.06722722618416867 0.4075629316433635 
0.5564850755417462 0.04602546524000179 0.397489459218252 
0.5416664062503255 0.0541670156245638 0.4041665781251107 
0.5263155550823218 0.02834045140835861 0.44534399350931964 
0.5766126089363601 0.03629068190643318 0.3870967091572067 
0.5185182613172297 0.03240782535950181 0.4490739133232685 
0.566523304905616 0.02145962902193688 0.4120170660724471 
0.5778685518009609 0.00819712106911344 0.41393432712992567 
0.5141698208463714 0.00809756101510808 0.47773261813852047 
0.0395686623359759 0.906474201646545 0.05395713601747912 
0.5719694257923192 0.00757612775440028 0.42045444645328056 
0.5468162395323152 3.745314143841786E-7 0.4531833859362705 
0.5893533201292926 3.8022770316231585E-7 0.41064629964300425 
0.6168579116575729 3.831413220597831E-7 0.3831417052011052 
0.5691054035299957 4.0650356930459027E-7 0.43089418996643497 
0.6344534019494933 4.201675376039442E-7 0.36554617788296906 
0.5959996848003782 3.99999520000576E-7 0.40399991520010176 
0.5864658799256994 3.7593942563222676E-7 0.4135337441348751 
0.578512092753604 4.132226282364113E-7 0.42148749402376773 
0.5893533201292926 3.8022770316231585E-7 0.41064629964300425 
0.05860836050363315 0.8974352775436512 0.04395636195271581 
0.6075945895427136 4.219403941682774E-7 0.39240498851689215 
0.5909087716006963 4.132226282364113E-7 0.4090908151766754 
0.6234814289699243 4.048578078650107E-7 0.3765181661722678 
0.6118139934843965 4.219403941682774E-7 0.3881855845752094 
0.6497886289595414 4.219403941682774E-7 0.35021094910006445 
0.6074376767301528 4.132226282364113E-7 0.39256191004721896 
0.5767631824524699 4.149372428167102E-7 0.4232364026102872 
0.6434104921583426 3.8759644853126143E-7 0.35658912024520906 
0.6425851985720169 3.8022770316231585E-7 0.35741442120028005 
0.6095614228349527 3.984058983196434E-7 0.3904381787591489 
0.026415441793839478 0.9018861488081334 0.0716984093980271 
0.6056907247674088 4.0650356930459027E-7 0.3943088687290219 
0.5976092458853635 3.984058983196434E-7 0.4023903557087382 
0.6315785549404979 4.3859591412818316E-7 0.368421006463588 
0.630521730295104 4.0160594184023074E-7 0.3694778680989541 
0.6887155384643521 3.8910460415804966E-7 0.3112840724310439 
0.6144064223647173 4.2372827492168443E-7 0.38559315390700777 
0.636703778984518 3.745314143841786E-7 0.36329584648406765 
0.6592916027102619 4.4247728874696187E-7 0.34070795481244937 
0.6348543964468094 4.149372428167102E-7 0.3651451886159478 
0.6679683578495808 3.906245422368646E-7 0.33203125152587715 
0.07500027678541774 0.8535708711740667 0.07142885204051568 
0.6780299113296463 3.787874483475966E-7 0.32196970988290546 
0.6742420368461703 3.787874483475966E-7 0.3257575843663814 
0.6626980205975945 3.9682492441477255E-7 0.33730158257748105 
0.6679683578495808 3.906245422368646E-7 0.33203125152587715 
0.6941172226071891 3.921564013846258E-7 0.30588238523640954 
0.6562496215824748 3.906245422368646E-7 0.3437499877929831 
0.6381319399238056 3.8910460415804966E-7 0.36186767097159034 
0.6623927405221275 4.273498794659665E-7 0.337606832127993 
0.6892426024988815 3.984058983196434E-7 0.3107569990952202 
0.6679837929045934 3.952564483125119E-7 0.3320158118389583 
0.06529237255081868 0.8728516774724975 0.06185594997668387 
0.6273760904455242 3.8022770316231585E-7 0.3726235293267727 
0.7023805130390718 3.9682492441477255E-7 0.2976190901360038 
0.6887155384643521 3.8910460415804966E-7 0.3112840724310439 
0.7239995312005626 3.99999520000576E-7 0.27600006879991745 
0.7044529905429264 4.048578078650107E-7 0.2955466045992657 
0.703389360098271 4.2372827492168443E-7 0.296610216173454 
0.7148433029180045 3.906245422368646E-7 0.2851563064574534 
0.67063451908589 3.9682492441477255E-7 0.32936508408918563 
0.7020403648485328 4.08162765514981E-7 0.29795922698870164 
0.6911192766958185 3.860999388803797E-7 0.3088803372042427 
0.0036499960036540107 0.981751114871042 0.014598889125303877 
0.0848711237589036 0.8413278509285784 0.07380102531251811 
0.7047239707984597 3.93700322401194E-7 0.29527563550121794 
0.7405852628636868 4.184095166407741E-7 0.2594143187267966 
0.7314044652010762 4.132226282364113E-7 0.26859512157629556 
0.6798414863539687 3.952564483125119E-7 0.3201581183895829 
0.73684165017859 3.7593942563222676E-7 0.26315797388198436 
0.7372544267594979 3.921564013846258E-7 0.26274518108410067 
0.7181462724174451 3.860999388803797E-7 0.2818533414826161 
0.7529406828148829 3.921564013846258E-7 0.24705892502871565 
0.7459672427815611 4.0322531867905E-7 0.2540323539931202 
0.7811153032850172 4.291839967588025E-7 0.21888426753098603 
0.07037066255111568 0.8444438765438409 0.08518546090504345 
0.7607838108425755 3.921564013846258E-7 0.23921579700102313 
0.731999521600574 3.99999520000576E-7 0.2680000783999059 
0.7635653912030336 3.8759644853126143E-7 0.23643422120051802 
0.7283014396587476 3.773580633682302E-7 0.2716981829831891 
0.7439019383309695 4.0650356930459027E-7 0.2560976551654612 
0.7429713940103686 4.0160594184023074E-7 0.2570282043836895 
0.7667979049827214 3.952564483125119E-7 0.23320169976083033 
0.7322829933665432 3.93700322401194E-7 0.2677166129331343 
0.7769225650893481 3.8461494082891446E-7 0.22307705029571123 
0.7413122687502679 3.860999388803797E-7 0.2586873451497933 
0.056180086689041175 0.865167941758867 0.07865197155209189 
0.7822575214626757 4.0322531867905E-7 0.21774207531200568 
0.7817454979220263 3.9682492441477255E-7 0.2182541052530493 
0.7822575214626757 4.0322531867905E-7 0.21774207531200568 
0.7791159287759895 4.0160594184023074E-7 0.22088366961806874 
0.7441855687764705 3.8759644853126143E-7 0.2558140436270811 
0.7730764156810589 3.8461494082891446E-7 0.22692319970400038 
0.7877545456066788 4.08162765514981E-7 0.21224504623055565 
0.7799994640006431 3.99999520000576E-7 0.2200001359998368 
0.8352054286081327 3.745314143841786E-7 0.164794196860453 
0.7831319881943917 4.0160594184023074E-7 0.21686761019966644 
0.0465119614201999 0.8875962547330372 0.06589178384676297 
0.8076917603556611 3.8461494082891446E-7 0.19230785502939807 
0.7984184208477223 3.952564483125119E-7 0.20158118389582938 
0.7906971426002218 3.8759644853126143E-7 0.20930246980332973 
0.8529405215035443 4.201675376039442E-7 0.14705905832891808 
0.8023709853308474 3.952564483125119E-7 0.19762861941270427 
0.7954540203174012 3.787874483475966E-7 0.20454560089515053 
0.8326687258939531 3.984058983196434E-7 0.16733087570014857 
0.8333327380959467 3.9682492441477255E-7 0.16666686507912887 
0.8181812432633478 3.952564483125119E-7 0.18181836148020378 
0.8467735724513237 4.0322531867905E-7 0.1532260243233577 
0.06844136679692 0.8517104353112905 0.07984819789178949 
0.8389507427519745 3.745314143841786E-7 0.1610488827166112 
0.8366527848771496 3.984058983196434E-7 0.16334681671695214 
0.8333327519386606 3.8759644853126143E-7 0.16666686046489096 
0.8359369110114325 3.906245422368646E-7 0.16406269836402537 
0.8515618927009071 3.906245422368646E-7 0.1484377166745508 
0.7921563229533455 3.921564013846258E-7 0.20784328489025308 
0.8378372534703629 3.860999388803797E-7 0.16216236042969837 
0.8132290117949279 3.8910460415804966E-7 0.186770599100468 
0.8542503794529804 4.048578078650107E-7 0.14574921568921173 
0.8467427048934427 3.831413220597831E-7 0.1532569119652353 
0.12781978065438274 0.8157889295613577 0.05639128978425965 
0.8814222749933498 3.952564483125119E-7 0.11857732975020187 
0.8799993440007872 3.99999520000576E-7 0.1200002559996928 
0.8605571387763281 3.984058983196434E-7 0.13944246281777353 
0.8157889295613577 3.7593942563222676E-7 0.18421069449921676 
0.8769224497048658 3.8461494082891446E-7 0.12307716568019347 
0.8629025851984856 4.0322531867905E-7 0.1370970115761957 
0.874015109430973 3.93700322401194E-7 0.1259844968687045 
0.8910499326265379 3.8910460415804966E-7 0.10894967826885806 
0.8947361602394814 4.048578078650107E-7 0.10526343490271065 
0.908045316423008 3.831413220597831E-7 0.09195430043567 
0.10150402086012686 0.834585900842969 0.06391007829690418 
0.9068818944754318 4.048578078650107E-7 0.09311770066676033 
0.8841692461360084 3.860999388803797E-7 0.1158303677640528 
0.8910499326265379 3.8910460415804966E-7 0.10894967826885806 
0.918032067993359 4.098355616775881E-7 0.08196752217107929 
0.9157081428642037 3.831413220597831E-7 0.08429147399447434 
0.8935354826591453 3.8022770316231585E-7 0.10646413711315159 
0.8949409786681184 3.8910460415804966E-7 0.10505863222727756 
0.8970582017740423 3.676466533308971E-7 0.10294143057930451 
0.8843277414241701 3.731339106709956E-7 0.1156718854419193 
0.920754051976545 3.773580633682302E-7 0.0792455706653917 
0.05860836050363315 0.8681312804418164 0.0732603590545505 
0.8992530978510099 3.731339106709956E-7 0.10074652901507947 
0.9254894994241183 3.921564013846258E-7 0.07451010841948029 
0.940944164239176 3.93700322401194E-7 0.0590554420605015 
0.8972325329258503 3.952564483125119E-7 0.1027670718177014 
0.937254191465657 3.921564013846258E-7 0.06274541637794151 
0.9328056132739764 3.952564483125119E-7 0.06719399146957533 
0.9118767296436059 3.831413220597831E-7 0.08812288721507217 
0.9254894994241183 3.921564013846258E-7 0.07451010841948029 
0.9463594486289864 3.831413220597831E-7 0.05364016822969169 
0.9389306042779341 3.816789522760089E-7 0.0610690140431137 
0.09293707107389844 0.8475830696099597 0.05947985931614203 
0.9533066692918258 3.8910460415804966E-7 0.04669294160357011 
0.9612395799539769 3.8759644853126143E-7 0.038760032449574676 
0.9442223774234533 3.984058983196434E-7 0.0557772241706484 
0.9543719151651159 3.8022770316231585E-7 0.04562770460718106 
0.9651155444392895 3.8759644853126143E-7 0.03488406796426206 
0.9756089728345859 4.0650356930459027E-7 0.02439062066184472 
0.954022275070182 3.831413220597831E-7 0.04597734178849603 
0.9613892339120843 3.860999388803797E-7 0.038610379987976846 
0.9607835755487346 3.921564013846258E-7 0.039216032294863964 
0.9657787462599854 3.8022770316231585E-7 0.03422087351231159 
0.10646413711315159 0.8403036042164211 0.05323225867042738 
0.9806194023805399 3.8759644853126143E-7 0.0193802100230116 
0.9651155444392895 3.8759644853126143E-7 0.03488406796426206 
0.9884162296337108 3.860999388803797E-7 0.011583384266350272 
0.9655165147319755 3.831413220597831E-7 0.03448310212670254 
0.9999992337173559 3.831413220597831E-7 3.831413220597831E-7 
0.984732078551055 3.816789522760089E-7 0.01526753976999263 
0.9571977153334064 3.8910460415804966E-7 0.04280189556198962 
0.9999992031882033 3.984058983196434E-7 3.984058983196434E-7 
0.9922472958364776 3.8759644853126143E-7 0.007752316567073761 
0.984732078551055 3.816789522760089E-7 0.01526753976999263 
3.703699588481939E-7 0.9888881604946365 0.011111469135404665 
0.08712149190739557 0.8257570161852089 0.08712149190739557 
0.9999992395445937 3.8022770316231585E-7 3.8022770316231585E-7 
0.09124114097685294 0.7846710386813446 0.12408782034180256 
0.10256435615638518 0.8168492855136057 0.08058635833000917 
0.13207569953694395 0.7811315685302999 0.08679273193275631 
0.08846182100559115 0.7846148639059264 0.12692331508848262 
0.11832085688451502 0.7862590233675306 0.09542011974795449 
0.11272751338816722 0.7599995345459624 0.1272729520658705 
0.11494277975925699 0.7739458537020839 0.11111136653865916 
0.16722424693219373 0.7056852451318611 0.12709050793594523 
0.18110254200487166 0.7125979772464835 0.10629948074864479 
3.623184467553115E-7 0.9746369840902347 0.025362653591318562 
0.15444036165209077 0.7413122687502679 0.1042473695976414 
0.17518265490950194 0.7262769420325453 0.09854040305795286 
0.14285734693855687 0.7285710051024946 0.12857164795894863 
0.164874733109606 0.7275981423675889 0.10752712452280518 
0.12549044059948167 0.7411759907733442 0.13333356862717416 
0.19920334756572006 0.6533860716501135 0.1474105807841664 
0.18545470677668355 0.669090542810317 0.14545475041299957 
0.17803047951081877 0.6969692837470262 0.12500023674215524 
0.15985149458941125 0.7063192866327659 0.13382921877782294 
0.16470608073794424 0.6941172226071891 0.14117669665486668 
0.0036104654038280827 0.9638982340452339 0.03249130055093803 
0.1562502075192881 0.6953120758061613 0.1484377166745508 
0.18888904938253775 0.6740736954736718 0.13703725514379062 
0.2191781994744526 0.6301366813664233 0.15068511915912416 
0.18978117907170178 0.6277369039376964 0.18248191699060187 
0.22180463706243944 0.6278192167452443 0.15037614619231635 
0.18888904938253775 0.6481477983542981 0.16296315226316418 
0.1600002079997504 0.6399996320004416 0.200000159999808 
0.1825398620557198 0.6468250236210036 0.1706351143232766 
0.21854316038758903 0.5894037191353784 0.19205312047703266 
0.186770599100468 0.6070035715911616 0.2062258293083705 
0.018248520165853835 0.9489044355060925 0.03284704432805366 
0.2264152153790015 0.6226411819156432 0.15094360270535545 
0.17886197699758905 0.6300809389256842 0.19105708407672675 
0.1762453912888223 0.6551720438635512 0.16858256484762663 
0.20158118389582938 0.6007901966914664 0.19762861941270427 
0.2322835839170269 0.5826768708540895 0.1850395452288836 
0.27480922731767865 0.5687020205702055 0.15648875211211594 
0.25000009469686213 0.5795451747592711 0.17045473054386684 
0.22304845013184002 0.5650555036555722 0.2118960462125879 
0.26612911355349167 0.5564513430024076 0.17741954344410069 
0.24897969512690393 0.5428568862976902 0.20816341857540582 
0.014286056122082726 0.9607136135211284 0.025000330356788905 
0.23247243637737675 0.5793355210307886 0.1881920425918348 
0.2800000639999232 0.5199997760002688 0.200000159999808 
0.2901961291810245 0.5333330980394925 0.176470772779483 
0.25274734130328796 0.5421243126839055 0.2051283460128066 
0.28352496146556155 0.4750956224954531 0.24137941603898544 
0.23371658959778976 0.5785437794515945 0.1877396309506158 
0.24902733576575595 0.5408557888842932 0.210116875349951 
0.3033708201825991 0.4868912132308466 0.20973796658655441 
0.28089893531954835 0.5243443546692644 0.19475671001118727 
0.2969925221888848 0.5112779947992541 0.1917294830118613 
0.029412099913125097 0.9411758001737498 0.029412099913125097 
0.24796758377936937 0.5203249752134449 0.23170744100718577 
0.3210332239484606 0.4243541427813918 0.2546126332701477 
0.30418254275755585 0.45627362402248217 0.23954383321996214 
0.28244280636319885 0.4770990720239634 0.2404581216128379 
0.31203009921417385 0.4360901096728087 0.25187979111301756 
0.3576922795858313 0.4423075665681925 0.20000015384597636 
0.31372551326410203 0.4117646136102585 0.27450987312563946 
0.33211678965315006 0.4525546139912986 0.21532859635555146 
0.33599999680000386 0.4119999056001133 0.2520000975998829 
0.32824428063631994 0.45419833488740285 0.21755738447627734 
0.015504245537698988 0.9573636154686642 0.02713213899363683 
0.33609958161877806 0.4024895404694517 0.26141087791177026 
0.30483274553968903 0.41263931675912635 0.28252793770118473 
0.40983597151314977 0.3565573484950633 0.2336066799917869 
0.33076923372780725 0.43076911834332504 0.23846164792886781 
0.3155893738524253 0.4410645158959895 0.24334611025158528 
0.34082396162101697 0.33707864747717514 0.322097390901808 
0.3714285247813982 0.37959178009169786 0.24897969512690393 
0.3536121441686569 0.380228083390019 0.2661597724413242 
0.3515624786377204 0.3515624786377204 0.29687504272455933 
0.40769222189359017 0.33846153254438555 0.2538462455620244 
