3.731339106709956E-7 0.962685862665079 0.03731376420101022 
0.025830598711514344 0.9446487697615095 0.02952063152697617 
0.39837390442206777 0.3089431191750579 0.29268297640287433 
0.3399999920000096 0.35599997280003265 0.3040000351999578 
0.41085262303958564 0.2635659725977063 0.32558140436270816 
0.4096384622829772 0.289156679730908 0.3012048579861149 
0.3548386836628827 0.3870967091572067 0.2580646071799107 
0.3715414566702095 0.3083004249402076 0.3201581183895829 
0.41269831821628783 0.2896825916477084 0.2976190901360038 
0.40217383821684255 0.2644928284498242 0.33333333333333337 
0.4186990828872973 0.2886179407098284 0.29268297640287433 
0.36538457840240957 0.30384618786978324 0.33076923372780725 
0.04724443238846568 0.8779521126549851 0.07480345495654926 
0.38934419342927035 0.31147543671052863 0.29918036986020097 
0.39080453164230083 0.2873563746861594 0.3218390936715399 
0.419117552443876 0.29044122377806203 0.29044122377806203 
0.45075744232108833 0.22348497331253037 0.3257575843663814 
0.4377508782117933 0.2088354913628618 0.35341363042534485 
0.4430892970455727 0.22764240531413987 0.3292682976402874 
0.42164169219213565 0.223880719536508 0.35447758827135645 
0.4182508537062506 0.25475294134645476 0.32699620494729476 
0.4140624053956187 0.2421876068113983 0.3437499877929831 
0.49553549705067357 0.18750019531223844 0.316964307637088 
0.04528334496225099 0.8905654069070866 0.0641512481306625 
0.43173420841231547 0.21033223948460578 0.35793355210307887 
0.4291665468751497 0.1875001822914388 0.38333327083341145 
0.47211880432847103 0.19330870634716768 0.3345724893243614 
0.48979572678074274 0.18775528029965677 0.3224489929196005 
0.49372364804563007 0.12552327340174887 0.3807530785526211 
0.5117185409548348 0.1562502075192881 0.33203125152587715 
0.46031730914606056 0.14682561885839027 0.3928570719955492 
0.4379560898290988 0.19343081011225172 0.3686131000586496 
0.47470800617742476 0.13618700055992156 0.3891049932626538 
0.49789008705896154 0.1603377717243396 0.34177214121669885 
0.051470899112978925 0.8897052687074243 0.058823832179596865 
0.461224333194694 0.1551022590584583 0.38367340774684766 
0.46209372336419857 0.14801464113937784 0.3898916354964237 
0.4803147870297791 0.13779550654074033 0.3818897064294806 
0.4816324714704431 0.11020435485181038 0.4081631736777465 
0.5319997616002861 0.10800027039967551 0.3599999680000384 
0.4958331302085872 0.11250027604132161 0.39166659375009116 
0.5238092970524242 0.107143126416913 0.36904757653066284 
0.45783117530380485 0.10843400590280412 0.433734818793391 
0.5137252779702612 0.10980418454409661 0.3764705374856422 
0.5176468419841075 0.1019610565164041 0.38039210149948843 
0.03690069715789983 0.9114384744223532 0.05166082841974714 
0.5037592062866095 0.09398523234748232 0.4022555613659083 
0.5252098421724678 0.06722722618416867 0.4075629316433635 
0.5564850755417462 0.04184137007359405 0.4016735543846598 
0.5249997604169662 0.0541670156245638 0.42083322395847006 
0.534412711239622 0.02834045140835861 0.4372468373520194 
0.5685481025627791 0.03629068190643318 0.39516121553078765 
0.523147884516827 0.027778202159904404 0.4490739133232685 
0.566523304905616 0.017167789054348855 0.4163089060400351 
0.5819669074177368 0.00819712106911344 0.40983597151314977 
0.5101212427677213 0.012146139093758185 0.47773261813852047 
0.03597154391560009 0.8812943727039144 0.08273408338048556 
0.5757573002757952 0.00757612775440028 0.4166665719698046 
0.5580521819638405 3.745314143841786E-7 0.4419474435047452 
0.5931555971609158 3.8022770316231585E-7 0.4068440226113811 
0.6053636719957793 3.831413220597831E-7 0.39463594486289866 
0.5731704392230416 4.0650356930459027E-7 0.4268291542733891 
0.6386550773255327 4.201675376039442E-7 0.3613445025069296 
0.5959996848003782 3.99999520000576E-7 0.40399991520010176 
0.5864658799256994 3.7593942563222676E-7 0.4135337441348751 
0.5826443190359681 4.132226282364113E-7 0.41735526774140363 
0.5779464890344232 3.8022770316231585E-7 0.4220531307378737 
0.05128236122817448 0.8644682808040871 0.0842493579677385 
0.5991557816593481 4.219403941682774E-7 0.40084379640025775 
0.5909087716006963 4.132226282364113E-7 0.4090908151766754 
0.6275300070485744 4.048578078650107E-7 0.3724695880936177 
0.6160333974260792 4.219403941682774E-7 0.3839661806335266 
0.637130417134493 4.219403941682774E-7 0.36286916092511273 
0.615702129294881 4.132226282364113E-7 0.3842974574824907 
0.5726138100243029 4.149372428167102E-7 0.4273857750384543 
0.6472864566436551 3.8759644853126143E-7 0.3527131557598964 
0.6539920296668864 3.8022770316231585E-7 0.34600759010541055 
0.6095614228349527 3.984058983196434E-7 0.3904381787591489 
0.018868280526474875 0.8943389875407689 0.08679273193275631 
0.6056907247674088 4.0650356930459027E-7 0.3943088687290219 
0.593625186902167 3.984058983196434E-7 0.40637441469193464 
0.6315785549404979 4.3859591412818316E-7 0.368421006463588 
0.630521730295104 4.0160594184023074E-7 0.3694778680989541 
0.6770424003396106 3.8910460415804966E-7 0.32295721055578536 
0.6101691396155005 4.2372827492168443E-7 0.3898304366562246 
0.6441944072722017 3.745314143841786E-7 0.3558052181963841 
0.6592916027102619 4.4247728874696187E-7 0.34070795481244937 
0.6348543964468094 4.149372428167102E-7 0.3651451886159478 
0.6679683578495808 3.906245422368646E-7 0.33203125152587715 
0.07142885204051568 0.8428565969393604 0.08571455102012392 
0.6856056602965982 3.787874483475966E-7 0.31439396091595356 
0.6742420368461703 3.787874483475966E-7 0.3257575843663814 
0.6746027683300377 3.9682492441477255E-7 0.3253968348450379 
0.6718746032719494 3.906245422368646E-7 0.32812500610350853 
0.678430966551804 3.921564013846258E-7 0.3215686412917946 
0.6562496215824748 3.906245422368646E-7 0.3437499877929831 
0.649805078048547 3.8910460415804966E-7 0.35019453284684887 
0.6666662393167871 4.273498794659665E-7 0.3333333333333333 
0.6772904255492922 3.984058983196434E-7 0.32270917604480953 
0.6837940508370939 3.952564483125119E-7 0.3162055539064578 
0.05841952740254907 0.8728516774724975 0.06872879512495349 
0.6235738134139011 3.8022770316231585E-7 0.37642580635839584 
0.6944440145507763 3.9682492441477255E-7 0.30555558862429927 
0.6887155384643521 3.8910460415804966E-7 0.3112840724310439 
0.7119995456005452 3.99999520000576E-7 0.2880000543999347 
0.7044529905429264 4.048578078650107E-7 0.2955466045992657 
0.703389360098271 4.2372827492168443E-7 0.296610216173454 
0.7265620391851104 3.906245422368646E-7 0.2734375701903475 
0.6746027683300377 3.9682492441477255E-7 0.3253968348450379 
0.7102036201588324 4.08162765514981E-7 0.28979597167840204 
0.6988412754734261 3.860999388803797E-7 0.3011583384266351 
0.010949258084753923 0.9635029596682924 0.025547782246953744 
0.08856115657436542 0.8302577524821929 0.08118109094344177 
0.7047239707984597 3.93700322401194E-7 0.29527563550121794 
0.7280329773644636 4.184095166407741E-7 0.2719666042260198 
0.7355366914834403 4.132226282364113E-7 0.26446289529393147 
0.6798414863539687 3.952564483125119E-7 0.3201581183895829 
0.7330822559222678 3.7593942563222676E-7 0.26691736813830663 
0.7333328627456517 3.921564013846258E-7 0.26666674509794697 
0.7258682711950527 3.860999388803797E-7 0.2741313427050085 
0.7529406828148829 3.921564013846258E-7 0.24705892502871565 
0.7459672427815611 4.0322531867905E-7 0.2540323539931202 
0.7682397833822532 4.291839967588025E-7 0.2317597874337501 
0.07037066255111568 0.8296290781899132 0.1000002592589712 
0.7647053748564218 3.921564013846258E-7 0.2352942329871769 
0.7439995072005914 3.99999520000576E-7 0.25600009279988867 
0.748061533261783 3.8759644853126143E-7 0.25193807914176847 
0.7283014396587476 3.773580633682302E-7 0.2716981829831891 
0.7560970454101072 4.0650356930459027E-7 0.24390254808632347 
0.7389553345919664 4.0160594184023074E-7 0.2610442638020918 
0.7667979049827214 3.952564483125119E-7 0.23320169976083033 
0.748031006262591 3.93700322401194E-7 0.2519686000370866 
0.7769225650893481 3.8461494082891446E-7 0.22307705029571123 
0.7490342675278755 3.860999388803797E-7 0.2509653463721857 
0.05992540083288296 0.865167941758867 0.0749066574082501 
0.7862897746494661 4.0322531867905E-7 0.21370982212521517 
0.7738089994337308 3.9682492441477255E-7 0.22619060374134475 
0.7782252682758851 4.0322531867905E-7 0.22177432849879616 
0.7791159287759895 4.0160594184023074E-7 0.22088366961806874 
0.7325576753205326 3.8759644853126143E-7 0.26744193708301894 
0.7769225650893481 3.8461494082891446E-7 0.22307705029571123 
0.7918361732618286 4.08162765514981E-7 0.20816341857540582 
0.7639994832006202 3.99999520000576E-7 0.23600011679985985 
0.812733543745082 3.745314143841786E-7 0.1872660817235037 
0.787148047612794 4.0160594184023074E-7 0.21285155078126414 
0.05426389039082513 0.8759683612770993 0.0697677483320756 
0.7999994615390829 3.8461494082891446E-7 0.20000015384597636 
0.7944658563645972 3.952564483125119E-7 0.2055337483789545 
0.7868211781149093 3.8759644853126143E-7 0.21317843428864233 
0.840335495375426 4.201675376039442E-7 0.1596640844570364 
0.8102761142970977 3.952564483125119E-7 0.18972349044645404 
0.8068176437678292 3.787874483475966E-7 0.19318197744472262 
0.8247006079275603 3.984058983196434E-7 0.17529899366654145 
0.8253962396076513 3.9682492441477255E-7 0.17460336356742434 
0.8379440656789735 3.952564483125119E-7 0.1620555390645782 
0.8427413192645331 4.0322531867905E-7 0.15725827751014818 
0.07984819789178949 0.836501327184798 0.08365047492341264 
0.8389507427519745 3.745314143841786E-7 0.1610488827166112 
0.8326687258939531 3.984058983196434E-7 0.16733087570014857 
0.8255808229680354 3.8759644853126143E-7 0.1744187894355162 
0.8359369110114325 3.906245422368646E-7 0.16406269836402537 
0.8515618927009071 3.906245422368646E-7 0.1484377166745508 
0.7999994509810381 3.921564013846258E-7 0.20000015686256056 
0.8416982528591667 3.860999388803797E-7 0.15830136104089457 
0.8171200578365084 3.8910460415804966E-7 0.1828795530588875 
0.8461532232956802 4.048578078650107E-7 0.15384637184651193 
0.8467427048934427 3.831413220597831E-7 0.1532569119652353 
0.10526341511644913 0.8157889295613577 0.07894765532219325 
0.8735171460270995 3.952564483125119E-7 0.1264824587164521 
0.8719993536007756 3.99999520000576E-7 0.12800024639970434 
0.8486049618267388 3.984058983196434E-7 0.15139463976736284 
0.8157889295613577 3.7593942563222676E-7 0.18421069449921676 
0.8730763002965767 3.8461494082891446E-7 0.12692331508848262 
0.8588703320116952 4.0322531867905E-7 0.14112926476298618 
0.874015109430973 3.93700322401194E-7 0.1259844968687045 
0.8910499326265379 3.8910460415804966E-7 0.10894967826885806 
0.8866390040821812 4.048578078650107E-7 0.11336059106001085 
0.908045316423008 3.831413220597831E-7 0.09195430043567 
0.10526341511644913 0.8233077180740023 0.07142886680954871 
0.9028333163967817 4.048578078650107E-7 0.09716627874541042 
0.8841692461360084 3.860999388803797E-7 0.1158303677640528 
0.8910499326265379 3.8910460415804966E-7 0.10894967826885806 
0.9098353567598072 4.098355616775881E-7 0.09016423340463106 
0.908045316423008 3.831413220597831E-7 0.09195430043567 
0.8783263745326527 3.8022770316231585E-7 0.12167324523964423 
0.8988320247096988 3.8910460415804966E-7 0.10116758618569707 
0.8897052687074243 3.676466533308971E-7 0.11029436364592246 
0.8805964023174602 3.731339106709956E-7 0.11940322454862926 
0.9245276326102273 3.773580633682302E-7 0.0754719900317094 
0.07692335869227983 0.853479281890899 0.06959735941682116 
0.8955217587443 3.731339106709956E-7 0.10447786812178943 
0.9254894994241183 3.921564013846258E-7 0.07451010841948029 
0.9330701577911522 3.93700322401194E-7 0.06692944850852538 
0.9051376618921005 3.952564483125119E-7 0.09486194285145116 
0.9294110634379645 3.921564013846258E-7 0.07058854440563403 
0.9249004843077261 3.952564483125119E-7 0.07509912043582556 
0.9042139032024102 3.831413220597831E-7 0.09578571365626784 
0.921567935410272 3.921564013846258E-7 0.07843167243332655 
0.9463594486289864 3.831413220597831E-7 0.05364016822969169 
0.9351138147551741 3.816789522760089E-7 0.06488580356587378 
0.08921960310081439 0.8327131977176234 0.07806719918156226 
0.9494156232502453 3.8910460415804966E-7 0.05058398764515061 
0.9651155444392895 3.8759644853126143E-7 0.03488406796426206 
0.9482064364066497 3.984058983196434E-7 0.051793165187451966 
0.9467673611018695 3.8022770316231585E-7 0.05323225867042738 
0.9651155444392895 3.8759644853126143E-7 0.03488406796426206 
0.9715439371415401 4.0650356930459027E-7 0.028455656354890623 
0.954022275070182 3.831413220597831E-7 0.04597734178849603 
0.9613892339120843 3.860999388803797E-7 0.038610379987976846 
0.9568620115348884 3.921564013846258E-7 0.043137596308710224 
0.9657787462599854 3.8022770316231585E-7 0.03422087351231159 
0.11026641414477474 0.8250944960899285 0.06463908976529685 
0.9806194023805399 3.8759644853126143E-7 0.0193802100230116 
0.9612395799539769 3.8759644853126143E-7 0.038760032449574676 
0.9806942308561033 3.860999388803797E-7 0.019305383043957864 
0.9616851015113776 3.831413220597831E-7 0.03831451534730037 
0.9885049940555624 3.831413220597831E-7 0.011494622803115554 
0.980915289028295 3.816789522760089E-7 0.01908432929275272 
0.9649798074165673 3.8910460415804966E-7 0.035019803478828625 
0.9960151442050069 3.984058983196434E-7 0.003984457389094754 
0.9883713313511652 3.8759644853126143E-7 0.011628281052386375 
0.984732078551055 3.816789522760089E-7 0.01526753976999263 
0.0074077695469227265 0.9666659629637449 0.02592626748933242 
0.0719699939734917 0.8257570161852089 0.10227298984129943 
0.984790131418101 3.8022770316231585E-7 0.015209488354195794 
0.07664261681465313 0.8029191938840944 0.12043818930125261 
0.10989035543184385 0.8021972869626884 0.08791235760546784 
0.13584928017062625 0.7735844072629352 0.09056631256643861 
0.10000026923045859 0.7692302662727698 0.13076946449677176 
0.10687048831623476 0.7709918652764902 0.12213764640727513 
0.12000023272701886 0.7345450168599816 0.14545475041299957 
0.14559408552403966 0.7432945479373013 0.11111136653865916 
0.16387976868250637 0.7090297233815485 0.12709050793594523 
0.16929153233283584 0.7165349804704955 0.11417348719666866 
3.623184467553115E-7 0.9782601685577877 0.021739469123765447 
0.16216236042969837 0.7374512693614641 0.1003863702088376 
0.18978117907170178 0.6897806316270457 0.12043818930125261 
0.16071447066306718 0.6999996071432781 0.13928592219365482 
0.16129050757293095 0.7096770146842136 0.1290324777428555 
0.12156887658563538 0.7450975547871904 0.13333356862717416 
0.171314934683345 0.6613541896165064 0.16733087570014857 
0.17818198743783192 0.6727269024797428 0.1490911100824254 
0.1742426050273428 0.6742420368461703 0.151515358126487 
0.14869909067015913 0.7100367546058499 0.14126415472399104 
0.16862764475179048 0.6823525305656503 0.1490198246825592 
3.610104393388744E-7 0.9530679208650676 0.04693171812449301 
0.16015645294165673 0.6835933395390553 0.1562502075192881 
0.18888904938253775 0.6666662962967079 0.14444465432075448 
0.2191781994744526 0.6267120273506569 0.1541097731748906 
0.1861315480311518 0.6131383797754967 0.20073007219335165 
0.22932342557508398 0.6165410339762776 0.1541355404486386 
0.16666685185164612 0.6629625967082259 0.17037055144012805 
0.17200019359976768 0.6359996368004358 0.1920001695997965 
0.1865081112998675 0.6150790296678218 0.19841285903231068 
0.23509943533168678 0.5562911692471829 0.2086093954211304 
0.186770599100468 0.5875483413832592 0.22568105951627296 
0.014598889125303877 0.9416051734249926 0.043795937449703524 
0.21509447347795457 0.6226411819156432 0.16226434460640235 
0.18292701269063494 0.6097557604604548 0.20731722684891035 
0.19157104417121362 0.6321835645399642 0.1762453912888223 
0.16996066803082843 0.6126478901408418 0.21739144182832984 
0.24409459358906269 0.551180845061994 0.2047245613489433 
0.2595420692266383 0.5801523891384858 0.160305541634876 
0.25757584366381403 0.5681815513088433 0.1742426050273428 
0.20817857823950384 0.5687729716286563 0.22304845013184002 
0.26209686036670116 0.5443545834420361 0.19354855619126268 
0.23265318450630468 0.5632650245734393 0.20408179092025602 
0.03928602933639714 0.9214279413272057 0.03928602933639714 
0.24723256763922405 0.5461252256916321 0.20664220666914393 
0.2720000735999117 0.515999780800263 0.21200014559982527 
0.31372551326410203 0.5137252779702612 0.17254920876563676 
0.274725339129664 0.5018313166688828 0.2234433442014533 
0.29118778790675726 0.4712642092748553 0.2375480028183876 
0.2260537631565941 0.5862066058927902 0.1877396309506158 
0.24902733576575595 0.5408557888842932 0.210116875349951 
0.2996255060387573 0.4906365273746884 0.20973796658655441 
0.28838956360723195 0.5093630980938973 0.20224733829887084 
0.2819549451635957 0.5187967833118986 0.19924827152450583 
0.04044149951305201 0.9044111348406602 0.055147365646287895 
0.24390254808632347 0.512194903827353 0.24390254808632347 
0.3173431911329988 0.42066410996592996 0.26199269890107135 
0.3193916508840485 0.44486679292761266 0.23574155618833897 
0.2709924377949186 0.48854944059224364 0.2404581216128379 
0.3045113107015293 0.4360901096728087 0.2593985796256621 
0.3576922795858313 0.4346152677516142 0.20769245266255465 
0.28627456516717825 0.44705868973487484 0.26666674509794697 
0.3248175275720501 0.44525535191019866 0.2299271205177513 
0.3320000015999981 0.42399989120013054 0.24400010719987136 
0.31297712254527954 0.48091586154672344 0.20610701590799707 
0.03488406796426206 0.930231864071476 0.03488406796426206 
0.3195020919061097 0.4066389128976188 0.27385899519627155 
0.3122676814858571 0.40520438081295823 0.28252793770118473 
0.4180326827467015 0.34426228164473566 0.2377050356085628 
0.3269230843195181 0.43076911834332504 0.24230779733715696 
0.3193916508840485 0.4258554077694969 0.25475294134645476 
0.3483145899087005 0.34456927576485874 0.30711613432644086 
0.37551015243654806 0.3632652694710986 0.26122457809235333 
0.3536121441686569 0.3612166982319032 0.28517115759944 
0.33984374237061443 0.3593749694824577 0.300781288146928 
0.3999999230770119 0.33076923372780725 0.269230843195181 
