3.731339106709956E-7 0.9440291671315294 0.05597045973456 
0.040590729973361654 0.9261986056842004 0.033210664342437995 
0.39837390442206777 0.29268297640287433 0.3089431191750579 
0.3399999920000096 0.3479999824000211 0.31200002559996926 
0.3992247295836478 0.2635659725977063 0.337209297818646 
0.38955816519096564 0.3012048579861149 0.3092369768229195 
0.36290319003646365 0.37903220278362565 0.2580646071799107 
0.38339915011958486 0.28063247355833176 0.33596837632208343 
0.4206348167045833 0.27777784391526517 0.30158733938015153 
0.39855065374928944 0.2753623818524835 0.32608696439822715 
0.4186990828872973 0.29268297640287433 0.2886179407098284 
0.34615383136096384 0.30384618786978324 0.349999980769253 
0.05118143561247762 0.8700781062069611 0.0787404581805612 
0.4057376158963739 0.28278694739309745 0.31147543671052863 
0.4022987713040943 0.27969354824496373 0.318007680450942 
0.422794018977185 0.27941182417813515 0.29779415684467997 
0.45075744232108833 0.2159092243455784 0.33333333333333337 
0.433734818793391 0.22088366961806874 0.34538151158854025 
0.4430892970455727 0.23170744100718577 0.32520326194724153 
0.42164169219213565 0.23134339774992793 0.34701491005793655 
0.4182508537062506 0.2509506643148316 0.3307984819789179 
0.41015615997325006 0.2265626251219237 0.36328121490482634 
0.49107121731533393 0.20089303451825735 0.3080357481664087 
0.041509764328568684 0.8905654069070866 0.0679248287643448 
0.42804417559685365 0.2029521738536821 0.3690036505494644 
0.4333332083334896 0.19583350520811849 0.3708332864583919 
0.46096640040921893 0.20074364229333577 0.33828995729744543 
0.5020406097461921 0.16734714202390774 0.33061224822990015 
0.4853554577128146 0.1380755589009721 0.3765689833862133 
0.5117185409548348 0.1484377166745508 0.33984374237061443 
0.4563490599019128 0.14285736961424253 0.4007935704838447 
0.4343064587885488 0.18978117907170178 0.37591236213974955 
0.48249009826058575 0.12062281639359955 0.3968870853458148 
0.489451279175596 0.1434601559576085 0.36708856486679553 
0.04779443257966995 0.9007346683073512 0.051470899112978925 
0.4530610778843944 0.16734714202390774 0.37959178009169786 
0.4801442453311423 0.13718432795921162 0.3826714267096462 
0.4724407805817552 0.15354351943678807 0.37401569998145673 
0.4857140991255929 0.10204109954151076 0.4122448013328963 
0.5399997520002976 0.11200026559968128 0.3479999824000211 
0.48749980729190756 0.12083359895800129 0.39166659375009116 
0.5198410478082764 0.10317487717276526 0.3769840750189583 
0.45783117530380485 0.12048218415801105 0.4216866405381841 
0.5137252779702612 0.10588262053025035 0.38039210149948843 
0.5254899700118 0.08627480046101905 0.3882352295271809 
0.055350861235208965 0.8966783431605058 0.04797079560428531 
0.48872162926132046 0.10150402086012686 0.4097743498785528 
0.5294115175485072 0.058823875432089785 0.41176460701940293 
0.5439327900425229 0.05020956040640953 0.4058576495510675 
0.5333330833336458 0.05833367708290364 0.4083332395834505 
0.5263155550823218 0.03643760756565882 0.4372468373520194 
0.5725803557495697 0.040322935093223676 0.3870967091572067 
0.5185182613172297 0.023148578960306997 0.45833315972246336 
0.562231464938028 0.017167789054348855 0.42060074600762315 
0.573770196184185 0.00819712106911344 0.4180326827467015 
0.5182183989250215 0.012146139093758185 0.46963546198122025 
0.0395686623359759 0.8741001358631628 0.08633120180086137 
0.5681815513088433 0.011364002237876246 0.42045444645328056 
0.550561553676157 3.745314143841786E-7 0.44943807179242873 
0.5817487660660464 3.8022770316231585E-7 0.4182508537062506 
0.6168579116575729 3.831413220597831E-7 0.3831417052011052 
0.5650403678369498 4.0650356930459027E-7 0.4349592256594809 
0.6260500511974144 4.201675376039442E-7 0.37394952863504793 
0.5879996944003667 3.99999520000576E-7 0.4119999056001133 
0.5827064856693771 3.7593942563222676E-7 0.41729313839119736 
0.5826443190359681 4.132226282364113E-7 0.41735526774140363 
0.5855510430976695 3.8022770316231585E-7 0.4144485766746274 
0.06227136014136248 0.8498162822531697 0.08791235760546784 
0.5907169737759825 4.219403941682774E-7 0.4092826042836233 
0.5991732241654246 4.132226282364113E-7 0.40082636261194715 
0.6275300070485744 4.048578078650107E-7 0.3724695880936177 
0.6075945895427136 4.219403941682774E-7 0.39240498851689215 
0.6413498210761759 4.219403941682774E-7 0.35864975698343 
0.6115699030125169 4.132226282364113E-7 0.3884296837648548 
0.5726138100243029 4.149372428167102E-7 0.4273857750384543 
0.6395345276730299 3.8759644853126143E-7 0.3604650847305217 
0.6387829215403937 3.8022770316231585E-7 0.3612166982319032 
0.593625186902167 3.984058983196434E-7 0.40637441469193464 
0.02264186116015718 0.883018245639722 0.09433989320012091 
0.6056907247674088 4.0650356930459027E-7 0.3943088687290219 
0.593625186902167 3.984058983196434E-7 0.40637441469193464 
0.6359645140817797 4.3859591412818316E-7 0.3640350473223061 
0.6345377897135064 4.0160594184023074E-7 0.3654618086805518 
0.6926065845059326 3.8910460415804966E-7 0.3073930263894634 
0.622880987863151 4.2372827492168443E-7 0.37711858840857404 
0.6217225224091509 3.745314143841786E-7 0.3782771030594348 
0.6592916027102619 4.4247728874696187E-7 0.34070795481244937 
0.6265556515904752 4.149372428167102E-7 0.373443933472282 
0.6679683578495808 3.906245422368646E-7 0.33203125152587715 
0.06428600255071155 0.8392851721944584 0.09642882525483008 
0.6893935347800741 3.787874483475966E-7 0.31060608643247756 
0.6780299113296463 3.787874483475966E-7 0.32196970988290546 
0.6587297713534468 3.9682492441477255E-7 0.3412698318216288 
0.6679683578495808 3.906245422368646E-7 0.33203125152587715 
0.6901956585933429 3.921564013846258E-7 0.3098039492502558 
0.6562496215824748 3.906245422368646E-7 0.3437499877929831 
0.6459140320069666 3.8910460415804966E-7 0.35408557888842934 
0.6623927405221275 4.273498794659665E-7 0.337606832127993 
0.6812744845324886 3.984058983196434E-7 0.31872511706161305 
0.6719363573877185 3.952564483125119E-7 0.3280632473558332 
0.07216521769908829 0.8522331420276887 0.0756016402732231 
0.6121669823190317 3.8022770316231585E-7 0.3878326374532653 
0.6944440145507763 3.9682492441477255E-7 0.30555558862429927 
0.6848244924227715 3.8910460415804966E-7 0.31517511847262436 
0.7119995456005452 3.99999520000576E-7 0.2880000543999347 
0.6963558343856262 4.048578078650107E-7 0.3036437607565659 
0.6991520773490542 4.2372827492168443E-7 0.3008474989226709 
0.7226557937627417 3.906245422368646E-7 0.2773438156127161 
0.67063451908589 3.9682492441477255E-7 0.32936508408918563 
0.697958737193383 4.08162765514981E-7 0.30204085464385144 
0.6949802760846223 3.860999388803797E-7 0.3050193378154389 
3.649631040549956E-7 0.9708022217493922 0.0291974132875037 
0.07749105812797993 0.8376378181131166 0.0848711237589036 
0.688975957902412 3.93700322401194E-7 0.31102364839726565 
0.7154806918652403 4.184095166407741E-7 0.28451888972524303 
0.7314044652010762 4.132226282364113E-7 0.26859512157629556 
0.6798414863539687 3.952564483125119E-7 0.3201581183895829 
0.7255634674096233 3.7593942563222676E-7 0.27443615665095117 
0.7333328627456517 3.921564013846258E-7 0.26666674509794697 
0.7181462724174451 3.860999388803797E-7 0.2818533414826161 
0.7529406828148829 3.921564013846258E-7 0.24705892502871565 
0.7338704832211896 4.0322531867905E-7 0.26612911355349167 
0.7768234633174292 4.291839967588025E-7 0.22317610749857403 
0.06666696296263375 0.8333327777783951 0.1000002592589712 
0.7490191188010367 3.921564013846258E-7 0.2509804890425619 
0.7359995168005798 3.99999520000576E-7 0.26400008319990015 
0.7596894267177209 3.8759644853126143E-7 0.24031018568583062 
0.7320750202924299 3.773580633682302E-7 0.2679246023495068 
0.7560970454101072 4.0650356930459027E-7 0.24390254808632347 
0.7389553345919664 4.0160594184023074E-7 0.2610442638020918 
0.7667979049827214 3.952564483125119E-7 0.23320169976083033 
0.748031006262591 3.93700322401194E-7 0.2519686000370866 
0.7653841168644806 3.8461494082891446E-7 0.23461549852057867 
0.7374512693614641 3.860999388803797E-7 0.2625483445385971 
0.07116134326440832 0.8389507427519745 0.08988791398361726 
0.7782252682758851 4.0322531867905E-7 0.22177432849879616 
0.7738089994337308 3.9682492441477255E-7 0.22619060374134475 
0.7782252682758851 4.0322531867905E-7 0.22177432849879616 
0.7791159287759895 4.0160594184023074E-7 0.22088366961806874 
0.7403096042911579 3.8759644853126143E-7 0.2596900081123937 
0.7807687144976372 3.8461494082891446E-7 0.2192309008874221 
0.783672917951529 4.08162765514981E-7 0.21632667388570545 
0.7679994784006259 3.99999520000576E-7 0.2320001215998541 
0.8052429154573985 3.745314143841786E-7 0.19475671001118727 
0.7831319881943917 4.0160594184023074E-7 0.21686761019966644 
0.05038792590551251 0.8643404678211615 0.08527160627332604 
0.8038456109473721 3.8461494082891446E-7 0.1961540044376872 
0.7944658563645972 3.952564483125119E-7 0.2055337483789545 
0.7829452136295966 3.8759644853126143E-7 0.21705439877395494 
0.8571421968795837 4.201675376039442E-7 0.14285738295287864 
0.8063235498139726 3.952564483125119E-7 0.19367605492957915 
0.8068176437678292 3.787874483475966E-7 0.19318197744472262 
0.8207165489443637 3.984058983196434E-7 0.17928305264973787 
0.8333327380959467 3.9682492441477255E-7 0.16666686507912887 
0.8300389367127232 3.952564483125119E-7 0.16996066803082843 
0.8467735724513237 4.0322531867905E-7 0.1532260243233577 
0.07604592086016633 0.8479081582796675 0.07604592086016633 
0.8352054286081327 3.745314143841786E-7 0.164794196860453 
0.8366527848771496 3.984058983196434E-7 0.16334681671695214 
0.8217048584827228 3.8759644853126143E-7 0.1782947539208288 
0.8320306655890638 3.906245422368646E-7 0.16796894378639401 
0.8554681381232757 3.906245422368646E-7 0.14453147125218216 
0.8078425790087306 3.921564013846258E-7 0.19215702883486804 
0.8494202516367743 3.860999388803797E-7 0.15057936226328697 
0.8015558736701864 3.8910460415804966E-7 0.1984437372252095 
0.8461532232956802 4.048578078650107E-7 0.15384637184651193 
0.8429112916728448 3.831413220597831E-7 0.15708832518583316 
0.11654159788541593 0.8007513525360687 0.08270704957851552 
0.8735171460270995 3.952564483125119E-7 0.1264824587164521 
0.8639993632007641 3.99999520000576E-7 0.13600023679971585 
0.8525890208099353 3.984058983196434E-7 0.1474105807841664 
0.8157889295613577 3.7593942563222676E-7 0.18421069449921676 
0.8769224497048658 3.8461494082891446E-7 0.12307716568019347 
0.8588703320116952 4.0322531867905E-7 0.14112926476298618 
0.874015109430973 3.93700322401194E-7 0.1259844968687045 
0.8949409786681184 3.8910460415804966E-7 0.10505863222727756 
0.8906875821608313 4.048578078650107E-7 0.10931201298136074 
0.908045316423008 3.831413220597831E-7 0.09195430043567 
0.11278220362909366 0.8082701410487132 0.07894765532219325 
0.8987847383181315 4.048578078650107E-7 0.10121485682406053 
0.8803082467472046 3.860999388803797E-7 0.11969136715285658 
0.8910499326265379 3.8910460415804966E-7 0.10894967826885806 
0.9098353567598072 4.098355616775881E-7 0.09016423340463106 
0.9157081428642037 3.831413220597831E-7 0.08429147399447434 
0.8821286515642759 3.8022770316231585E-7 0.11787096820802107 
0.8988320247096988 3.8910460415804966E-7 0.10116758618569707 
0.8860288021741153 3.676466533308971E-7 0.11397083017923143 
0.8805964023174602 3.731339106709956E-7 0.11940322454862926 
0.9245276326102273 3.773580633682302E-7 0.0754719900317094 
0.07692335869227983 0.8388272833399818 0.0842493579677385 
0.89179041963759 3.731339106709956E-7 0.10820920722849937 
0.9254894994241183 3.921564013846258E-7 0.07451010841948029 
0.9370071610151641 3.93700322401194E-7 0.06299244528451343 
0.9051376618921005 3.952564483125119E-7 0.09486194285145116 
0.9254894994241183 3.921564013846258E-7 0.07451010841948029 
0.9169953553414758 3.952564483125119E-7 0.0830042494020758 
0.9042139032024102 3.831413220597831E-7 0.09578571365626784 
0.9254894994241183 3.921564013846258E-7 0.07451010841948029 
0.9425280354083885 3.831413220597831E-7 0.05747158145028952 
0.9427473938006942 3.816789522760089E-7 0.057252224520353605 
0.08921960310081439 0.8252782617714554 0.08550213512773035 
0.9494156232502453 3.8910460415804966E-7 0.05058398764515061 
0.9612395799539769 3.8759644853126143E-7 0.038760032449574676 
0.9521904953898461 3.984058983196434E-7 0.04780910620425553 
0.9505696381334927 3.8022770316231585E-7 0.049429981638804216 
0.9651155444392895 3.8759644853126143E-7 0.03488406796426206 
0.9715439371415401 4.0650356930459027E-7 0.028455656354890623 
0.954022275070182 3.831413220597831E-7 0.04597734178849603 
0.9575282345232805 3.860999388803797E-7 0.042471379376780645 
0.9607835755487346 3.921564013846258E-7 0.039216032294863964 
0.958174192196739 3.8022770316231585E-7 0.0418254275755579 
0.11406869117639791 0.8098853879634359 0.07604592086016633 
0.9806194023805399 3.8759644853126143E-7 0.0193802100230116 
0.9612395799539769 3.8759644853126143E-7 0.038760032449574676 
0.9729722320784957 3.860999388803797E-7 0.027027381821565458 
0.9616851015113776 3.831413220597831E-7 0.03831451534730037 
0.9885049940555624 3.831413220597831E-7 0.011494622803115554 
0.9770984995055348 3.816789522760089E-7 0.022901118815512808 
0.9610887613749868 3.8910460415804966E-7 0.03891084952040912 
0.9999992031882033 3.984058983196434E-7 3.984058983196434E-7 
0.9883713313511652 3.8759644853126143E-7 0.011628281052386375 
0.984732078551055 3.816789522760089E-7 0.01526753976999263 
0.011111469135404665 0.959258563786781 0.02962996707781436 
0.08333361742391959 0.8106055182513051 0.10606086432477539 
0.984790131418101 3.8022770316231585E-7 0.015209488354195794 
0.07664261681465313 0.7992695628435444 0.12408782034180256 
0.12087935434503187 0.7728932898608537 0.10622735579411452 
0.12830211890326165 0.7698108266292529 0.10188705446748551 
0.09615411982216944 0.7730764156810589 0.13076946449677176 
0.10305369879347467 0.7786254443220104 0.11832085688451502 
0.11636387305759305 0.7490904555376849 0.13454567140472212 
0.13026843264164834 0.750957374378497 0.11877419297985482 
0.15384633393344424 0.6989962886324864 0.14715737743406948 
0.16141752588481195 0.7165349804704955 0.12204749364469254 
3.623184467553115E-7 0.9673906151551285 0.032609022526424794 
0.14285736348567937 0.7528952669166793 0.1042473695976414 
0.1861315480311518 0.6824813695459458 0.13138708242290248 
0.1571430459181651 0.6999996071432781 0.14285734693855687 
0.164874733109606 0.7096770146842136 0.12544825220618044 
0.1294120046133279 0.7294112987318054 0.14117669665486668 
0.18725117061613075 0.6414338947005243 0.171314934683345 
0.196363785784961 0.6545451041326137 0.1490911100824254 
0.18181835399429472 0.6704541623626944 0.14772748364301103 
0.15613402661632722 0.6877319467673457 0.15613402661632722 
0.16862764475179048 0.6705878385241115 0.160784516724098 
3.610104393388744E-7 0.9530679208650676 0.04693171812449301 
0.17187518920876266 0.6679683578495808 0.16015645294165673 
0.20740754732494746 0.6518514979427801 0.14074095473227255 
0.22260285349021905 0.6095887572718248 0.1678083892379563 
0.19708044115280168 0.6094887487349467 0.19343081011225172 
0.20676706003715037 0.6240598224889221 0.1691731174739277 
0.17777795061709192 0.6407403991773343 0.18148165020557386 
0.1600002079997504 0.6319996416004301 0.20800015039981953 
0.17460336356742434 0.6111107804236741 0.21428585600890157 
0.23509943533168678 0.5529799142583633 0.21192065040994995 
0.1984437372252095 0.5797662493000981 0.22179001347469246 
0.021898151206403788 0.9306562803033428 0.04744556849025348 
0.2339623766463661 0.607546859380914 0.15849076397272005 
0.18699204838368083 0.6056907247674088 0.20731722684891035 
0.22222234993599627 0.6053636719957793 0.17241397806822448 
0.19762861941270427 0.5849799387589659 0.21739144182832984 
0.24803159681307463 0.555117848286006 0.1968505549009194 
0.27480922731767865 0.5496180729564051 0.17557269972591638 
0.2537879691803381 0.5719694257923192 0.1742426050273428 
0.2304833860780081 0.546468163790152 0.22304845013184002 
0.26209686036670116 0.5362900770684551 0.20161306256484368 
0.2367348121614545 0.5632650245734393 0.20000016326510622 
0.03571460459149508 0.9142850918374016 0.05000030357110332 
0.24723256763922405 0.5608853569534794 0.19188207540729663 
0.2720000735999117 0.515999780800263 0.21200014559982527 
0.32941176931948707 0.49019589388718365 0.18039233679332928 
0.26007334057874665 0.5274723141329882 0.2124543452882653 
0.30651344078914855 0.45593855639246395 0.2375480028183876 
0.2375480028183876 0.5593867133486053 0.20306528383300712 
0.25291838180733645 0.5330736968011321 0.2140079213915315 
0.2996255060387573 0.47565527079932124 0.22471922316192156 
0.28838956360723195 0.5168537263815809 0.19475671001118727 
0.28947373367624024 0.5112779947992541 0.19924827152450583 
0.04779443257966995 0.8970582017740423 0.055147365646287895 
0.2520326194724153 0.4999997967482153 0.24796758377936937 
0.3173431911329988 0.43173420841231547 0.2509226004546859 
0.30418254275755585 0.45627362402248217 0.23954383321996214 
0.2633588587493984 0.49618301963776384 0.2404581216128379 
0.3082707049578516 0.4360901096728087 0.2556391853693398 
0.3423076819526747 0.4423075665681925 0.21538475147913294 
0.31372551326410203 0.4313724336794898 0.2549020530564082 
0.31386863445040025 0.4416057208696487 0.2445256446799511 
0.32400001119998656 0.4199998960001248 0.25600009279988867 
0.32061070159079974 0.4694654929784432 0.20992380543075717 
0.02713213899363683 0.930231864071476 0.04263599693488729 
0.34024895404694516 0.3900414231849504 0.26970962276810445 
0.3271375533781933 0.386617040947538 0.2862454056742688 
0.41393432712992567 0.3401639260279598 0.24590174684211455 
0.34615383136096384 0.4115383713018793 0.24230779733715696 
0.32319392791567164 0.4182508537062506 0.25855521837807793 
0.3558052181963841 0.31460676261412446 0.3295880191894916 
0.3632652694710986 0.37959178009169786 0.25714295043720353 
0.35741442120028005 0.35741442120028005 0.28517115759944 
0.3359374969482458 0.36328121490482634 0.300781288146928 
0.4115383713018793 0.3192307855029398 0.269230843195181 
