3.731339106709956E-7 0.9925365755187587 0.007463051347330583 
0.03690069715789983 0.9483388025769713 0.014760500265128857 
0.37398369026379236 0.3333333333333333 0.29268297640287433 
0.33599999680000386 0.37599994880006143 0.2880000543999347 
0.40697665855427306 0.2635659725977063 0.32945736884802074 
0.4016063434461726 0.3052209174045172 0.29317273914931025 
0.3548386836628827 0.4032257219043687 0.24193559443274867 
0.38339915011958486 0.30039529597395737 0.3162055539064578 
0.41269831821628783 0.2976190901360038 0.2896825916477084 
0.39492746928173633 0.28623193525514284 0.3188405954631209 
0.4186990828872973 0.29268297640287433 0.2886179407098284 
0.35384613017754213 0.3269230843195181 0.3192307855029398 
0.0393704259404418 0.9173221448951044 0.04330742916445374 
0.3852458378124945 0.31147543671052863 0.3032787254769769 
0.386973118421703 0.2988506143479529 0.3141762672303442 
0.4080881528439491 0.3088235564446069 0.2830882907114441 
0.4393938188706604 0.23484859676295824 0.3257575843663814 
0.4377508782117933 0.23293184787327567 0.32931727391493104 
0.4349592256594809 0.2520326194724153 0.3130081548681038 
0.4179103530854257 0.23507473685663788 0.34701491005793655 
0.4220531307378737 0.25475294134645476 0.32319392791567164 
0.41015615997325006 0.234375115966661 0.355468724060089 
0.4999997767860132 0.20089303451825735 0.29910718869572944 
0.03018902242752178 0.932074793877592 0.037736183694886384 
0.4354242412277773 0.2029521738536821 0.36162358491854074 
0.42083322395847006 0.20833348958313802 0.3708332864583919 
0.4423790605437987 0.219330982158756 0.33828995729744543 
0.5020406097461921 0.17142876967905754 0.3265306205747503 
0.4769872673799991 0.14225965406737984 0.3807530785526211 
0.5156247863772035 0.1484377166745508 0.3359374969482458 
0.46428555839020824 0.15079386810253798 0.3849205735072538 
0.4379560898290988 0.19343081011225172 0.3686131000586496 
0.4785990522190052 0.13618700055992156 0.3852139472210733 
0.49789008705896154 0.15611836778265684 0.34599154515838165 
0.04779443257966995 0.926469934040514 0.025735633379816127 
0.43265293960864537 0.18775528029965677 0.37959178009169786 
0.4729240365443648 0.14801464113937784 0.37906132231625744 
0.4685037773577433 0.14566951298876418 0.38582670965349253 
0.49387735443589253 0.09795947188636095 0.4081631736777465 
0.5359997568002919 0.11600026079968703 0.3479999824000211 
0.4833331458335677 0.10833361458298177 0.4083332395834505 
0.5158727985641287 0.11111137566106072 0.37301582577481057 
0.4618472347222072 0.11646612473960874 0.4216866405381841 
0.5137252779702612 0.10588262053025035 0.38039210149948843 
0.5137252779702612 0.09411792848871157 0.3921567935410272 
0.04428076278882348 0.9298886384996623 0.025830598711514344 
0.49624041777396494 0.09774462660380459 0.40601495562223056 
0.5210081667964284 0.07563057693624756 0.40336125626732405 
0.5523009803753385 0.05020956040640953 0.397489459218252 
0.5499997291670052 0.0541670156245638 0.395833255208431 
0.534412711239622 0.02834045140835861 0.4372468373520194 
0.5766126089363601 0.03629068190643318 0.3870967091572067 
0.5277775077164245 0.01851895576070959 0.45370353652286594 
0.5579396249704399 0.042918828859877 0.39914154616968306 
0.573770196184185 0.01229547668588932 0.41393432712992567 
0.5263155550823218 0.00809756101510808 0.46558688390257014 
0.0395686623359759 0.9172655569076725 0.043165780756351704 
0.5643936768253673 0.00757612775440028 0.4280301954202325 
0.5468162395323152 3.745314143841786E-7 0.4531833859362705 
0.5741442120028001 3.8022770316231585E-7 0.4258554077694969 
0.6206893248781707 3.831413220597831E-7 0.37931029198050736 
0.5813005106091333 4.0650356930459027E-7 0.4186990828872973 
0.6344534019494933 4.201675376039442E-7 0.36554617788296906 
0.5959996848003782 3.99999520000576E-7 0.40399991520010176 
0.593984668438344 3.7593942563222676E-7 0.40601495562223056 
0.5826443190359681 4.132226282364113E-7 0.41735526774140363 
0.5817487660660464 3.8022770316231585E-7 0.4182508537062506 
0.05860836050363315 0.9047612768191098 0.03663036267725713 
0.6075945895427136 4.219403941682774E-7 0.39240498851689215 
0.5867765453183322 4.132226282364113E-7 0.4132230414590395 
0.6315785851272245 4.048578078650107E-7 0.3684210100149676 
0.6118139934843965 4.219403941682774E-7 0.3881855845752094 
0.6455692250178586 4.219403941682774E-7 0.3544303530417472 
0.6074376767301528 4.132226282364113E-7 0.39256191004721896 
0.5767631824524699 4.149372428167102E-7 0.4232364026102872 
0.6434104921583426 3.8759644853126143E-7 0.35658912024520906 
0.6349806445087706 3.8022770316231585E-7 0.36501897526352634 
0.6095614228349527 3.984058983196434E-7 0.3904381787591489 
0.018868280526474875 0.9094333100754981 0.0716984093980271 
0.6178858318465466 4.0650356930459027E-7 0.38211376164988414 
0.5976092458853635 3.984058983196434E-7 0.4023903557087382 
0.6315785549404979 4.3859591412818316E-7 0.368421006463588 
0.6385538491319087 4.0160594184023074E-7 0.3614457492621495 
0.696497630547513 3.8910460415804966E-7 0.3035019803478829 
0.622880987863151 4.2372827492168443E-7 0.37711858840857404 
0.6404490931283598 3.745314143841786E-7 0.3595505323402259 
0.6637163755977314 4.4247728874696187E-7 0.33628318192497975 
0.6265556515904752 4.149372428167102E-7 0.373443933472282 
0.664062112427212 3.906245422368646E-7 0.3359374969482458 
0.07500027678541774 0.8571422959189687 0.06785742729561361 
0.6856056602965982 3.787874483475966E-7 0.31439396091595356 
0.6818177858131222 3.787874483475966E-7 0.3181818353994295 
0.6626980205975945 3.9682492441477255E-7 0.33730158257748105 
0.664062112427212 3.906245422368646E-7 0.3359374969482458 
0.678430966551804 3.921564013846258E-7 0.3215686412917946 
0.6406246398930002 3.906245422368646E-7 0.3593749694824577 
0.6420229859653861 3.8910460415804966E-7 0.35797662493000987 
0.6666662393167871 4.273498794659665E-7 0.3333333333333333 
0.6892426024988815 3.984058983196434E-7 0.3107569990952202 
0.6798414863539687 3.952564483125119E-7 0.3201581183895829 
0.06872879512495349 0.8797245226207671 0.05154668225427946 
0.6159692593506548 3.8022770316231585E-7 0.3840303604216421 
0.7023805130390718 3.9682492441477255E-7 0.2976190901360038 
0.7003886765890935 3.8910460415804966E-7 0.2996109343063024 
0.7039995552005337 3.99999520000576E-7 0.29600004479994624 
0.7044529905429264 4.048578078650107E-7 0.2955466045992657 
0.703389360098271 4.2372827492168443E-7 0.296610216173454 
0.7070308120732671 3.906245422368646E-7 0.2929687973021907 
0.6587297713534468 3.9682492441477255E-7 0.3412698318216288 
0.7020403648485328 4.08162765514981E-7 0.29795922698870164 
0.6988412754734261 3.860999388803797E-7 0.3011583384266351 
0.0036499960036540107 0.985400745911592 0.010949258084753923 
0.0996312550207509 0.8413278509285784 0.0590408940506708 
0.7125979772464835 3.93700322401194E-7 0.28740162905319405 
0.7280329773644636 4.184095166407741E-7 0.2719666042260198 
0.7396689177658045 4.132226282364113E-7 0.2603306690115673 
0.6798414863539687 3.952564483125119E-7 0.3201581183895829 
0.7330822559222678 3.7593942563222676E-7 0.26691736813830663 
0.7372544267594979 3.921564013846258E-7 0.26274518108410067 
0.7258682711950527 3.860999388803797E-7 0.2741313427050085 
0.7490191188010367 3.921564013846258E-7 0.2509804890425619 
0.7459672427815611 4.0322531867905E-7 0.2540323539931202 
0.7725316233498412 4.291839967588025E-7 0.22746794746616206 
0.05925956378566987 0.8629623744862507 0.07777806172807956 
0.7725485028841143 3.921564013846258E-7 0.22745110495948437 
0.731999521600574 3.99999520000576E-7 0.2680000783999059 
0.7596894267177209 3.8759644853126143E-7 0.24031018568583062 
0.7358486009261123 3.773580633682302E-7 0.2641510217158245 
0.7560970454101072 4.0650356930459027E-7 0.24390254808632347 
0.7469874534287709 4.0160594184023074E-7 0.2530121449652872 
0.7628453404995962 3.952564483125119E-7 0.23715426424395544 
0.7401569998145672 3.93700322401194E-7 0.25984260648511043 
0.7769225650893481 3.8461494082891446E-7 0.22307705029571123 
0.7528952669166793 3.860999388803797E-7 0.2471043469833819 
0.06741602912056653 0.8689132559027088 0.06367071497672475 
0.7862897746494661 4.0322531867905E-7 0.21370982212521517 
0.7777772486778786 3.9682492441477255E-7 0.22222235449719704 
0.7701607619023041 4.0322531867905E-7 0.22983883487237716 
0.7710838099391848 4.0160594184023074E-7 0.22891578845487334 
0.748061533261783 3.8759644853126143E-7 0.25193807914176847 
0.7769225650893481 3.8461494082891446E-7 0.22307705029571123 
0.7959178009169785 4.08162765514981E-7 0.20408179092025602 
0.7759994688006374 3.99999520000576E-7 0.22400013119984258 
0.8352054286081327 3.745314143841786E-7 0.164794196860453 
0.787148047612794 4.0160594184023074E-7 0.21285155078126414 
0.05426389039082513 0.879844325762412 0.06589178384676297 
0.7999994615390829 3.8461494082891446E-7 0.20000015384597636 
0.7984184208477223 3.952564483125119E-7 0.20158118389582938 
0.7945731070855344 3.8759644853126143E-7 0.2054265053180171 
0.8529405215035443 4.201675376039442E-7 0.14705905832891808 
0.8102761142970977 3.952564483125119E-7 0.18972349044645404 
0.7992418948008772 3.787874483475966E-7 0.20075772641167455 
0.8326687258939531 3.984058983196434E-7 0.16733087570014857 
0.8253962396076513 3.9682492441477255E-7 0.17460336356742434 
0.8339915011958484 3.952564483125119E-7 0.16600810354770332 
0.8467735724513237 4.0322531867905E-7 0.1532260243233577 
0.08365047492341264 0.8479081582796675 0.06844136679692 
0.8389507427519745 3.745314143841786E-7 0.1610488827166112 
0.8326687258939531 3.984058983196434E-7 0.16733087570014857 
0.8255808229680354 3.8759644853126143E-7 0.1744187894355162 
0.8398431564338011 3.906245422368646E-7 0.16015645294165673 
0.8515618927009071 3.906245422368646E-7 0.1484377166745508 
0.8039210149948843 3.921564013846258E-7 0.1960785928487143 
0.8532812510255781 3.860999388803797E-7 0.14671836287448317 
0.821011103878089 3.8910460415804966E-7 0.178988507017307 
0.8582989575316305 4.048578078650107E-7 0.14170063761056162 
0.8467427048934427 3.831413220597831E-7 0.1532569119652353 
0.1090228093727714 0.8270671123303245 0.06391007829690418 
0.8853748394764749 3.952564483125119E-7 0.11462476526707675 
0.8759993488007815 3.99999520000576E-7 0.12400025119969856 
0.8565730797931317 3.984058983196434E-7 0.14342652180096996 
0.8233077180740023 3.7593942563222676E-7 0.17669190598657222 
0.880768599113155 3.8461494082891446E-7 0.11923101627190431 
0.8749993447588571 4.0322531867905E-7 0.12500025201582418 
0.8700781062069611 3.93700322401194E-7 0.12992150009271644 
0.8871588865849573 3.8910460415804966E-7 0.11284072431043855 
0.8947361602394814 4.048578078650107E-7 0.10526343490271065 
0.9042139032024102 3.831413220597831E-7 0.09578571365626784 
0.12406038639806047 0.8270671123303245 0.04887250127161511 
0.9068818944754318 4.048578078650107E-7 0.09311770066676033 
0.8841692461360084 3.860999388803797E-7 0.1158303677640528 
0.8949409786681184 3.8910460415804966E-7 0.10505863222727756 
0.918032067993359 4.098355616775881E-7 0.08196752217107929 
0.9157081428642037 3.831413220597831E-7 0.08429147399447434 
0.8859309285958991 3.8022770316231585E-7 0.11406869117639791 
0.8910499326265379 3.8910460415804966E-7 0.10894967826885806 
0.9007346683073512 3.676466533308971E-7 0.09926496404599554 
0.8955217587443 3.731339106709956E-7 0.10447786812178943 
0.9169804713428628 3.773580633682302E-7 0.083019151299074 
0.0842493579677385 0.8388272833399818 0.07692335869227983 
0.8992530978510099 3.731339106709956E-7 0.10074652901507947 
0.9254894994241183 3.921564013846258E-7 0.07451010841948029 
0.9448811674631881 3.93700322401194E-7 0.05511843883648956 
0.9130427908583507 3.952564483125119E-7 0.08695681388520092 
0.937254191465657 3.921564013846258E-7 0.06274541637794151 
0.9367581777571015 3.952564483125119E-7 0.06324142698645022 
0.9157081428642037 3.831413220597831E-7 0.08429147399447434 
0.9254894994241183 3.921564013846258E-7 0.07451010841948029 
0.9463594486289864 3.831413220597831E-7 0.05364016822969169 
0.9465641833234543 3.816789522760089E-7 0.05343543499759352 
0.09293707107389844 0.8513005375830437 0.055762391343057986 
0.9610887613749868 3.8910460415804966E-7 0.03891084952040912 
0.9651155444392895 3.8759644853126143E-7 0.03488406796426206 
0.9482064364066497 3.984058983196434E-7 0.051793165187451966 
0.9543719151651159 3.8022770316231585E-7 0.04562770460718106 
0.9651155444392895 3.8759644853126143E-7 0.03488406796426206 
0.9756089728345859 4.0650356930459027E-7 0.02439062066184472 
0.954022275070182 3.831413220597831E-7 0.04597734178849603 
0.9652502333008881 3.860999388803797E-7 0.034749380599173055 
0.9607835755487346 3.921564013846258E-7 0.039216032294863964 
0.9619764692283622 3.8022770316231585E-7 0.03802315054393474 
0.10646413711315159 0.8479081582796675 0.04562770460718106 
0.9806194023805399 3.8759644853126143E-7 0.0193802100230116 
0.9728674734099148 3.8759644853126143E-7 0.02713213899363683 
0.9884162296337108 3.860999388803797E-7 0.011583384266350272 
0.9655165147319755 3.831413220597831E-7 0.03448310212670254 
0.9999992337173559 3.831413220597831E-7 3.831413220597831E-7 
0.984732078551055 3.816789522760089E-7 0.01526753976999263 
0.9727618994997282 3.8910460415804966E-7 0.027237711395667632 
0.9999992031882033 3.984058983196434E-7 3.984058983196434E-7 
0.9922472958364776 3.8759644853126143E-7 0.007752316567073761 
0.984732078551055 3.816789522760089E-7 0.01526753976999263 
3.703699588481939E-7 0.9925918600831184 0.0074077695469227265 
0.07575786845696766 0.8446963886025888 0.07954574294044363 
0.9999992395445937 3.8022770316231585E-7 3.8022770316231585E-7 
0.08029224785520309 0.8065688249246443 0.11313892722015269 
0.11721635470730254 0.8058602866004178 0.07692335869227983 
0.13207569953694395 0.7811315685302999 0.08679273193275631 
0.08846182100559115 0.8038456109473721 0.10769256804703688 
0.10305369879347467 0.8167933395496113 0.08015296165691414 
0.12000023272701886 0.767272253884814 0.11272751338816722 
0.1417626723034418 0.7624516140402905 0.09578571365626784 
0.14381289918438211 0.7324410711293601 0.12374602968625786 
0.1653545291088239 0.7165349804704955 0.1181104904206806 
3.623184467553115E-7 0.9746369840902347 0.025362653591318562 
0.1274133659304642 0.7837832620271097 0.0888033720424262 
0.19343081011225172 0.7116784178703455 0.09489077201740291 
0.14642877168345894 0.7249995803575925 0.12857164795894863 
0.1792116352563062 0.7204296912942388 0.10035867344945508 
0.1294120046133279 0.7372544267594979 0.13333356862717416 
0.17928305264973787 0.6772904255492922 0.14342652180096996 
0.18545470677668355 0.6872723411574461 0.1272729520658705 
0.16666685606039086 0.7196965306478819 0.11363661329172732 
0.14126415472399104 0.717471690552018 0.14126415472399104 
0.176470772779483 0.6823525305656503 0.14117669665486668 
0.0036104654038280827 0.9638982340452339 0.03249130055093803 
0.16015645294165673 0.6992183212285299 0.14062522582981352 
0.2111112469134294 0.659258897119744 0.12962985596682672 
0.21232889144291978 0.6335613353821897 0.1541097731748906 
0.19708044115280168 0.6277369039376964 0.17518265490950194 
0.23308281983140625 0.6353380052578889 0.131579174910705 
0.19629644855950162 0.655555197531262 0.14814835390923642 
0.16400020319975617 0.6479996224004531 0.18800017439979072 
0.1865081112998675 0.654761522109299 0.15873036659083342 
0.23841069032050632 0.5827812091577393 0.17880810052175447 
0.178988507017307 0.6186767097159032 0.20233478326679 
0.025547782246953744 0.9416051734249926 0.03284704432805366 
0.2415095379137307 0.607546859380914 0.15094360270535545 
0.18699204838368083 0.6300809389256842 0.18292701269063494 
0.1992338706124093 0.6245207380987685 0.1762453912888223 
0.20158118389582938 0.5928850677252161 0.2055337483789545 
0.24409459358906269 0.5708658611820537 0.1850395452288836 
0.2709924377949186 0.5763355996157257 0.15267196258935584 
0.265151592630766 0.5795451747592711 0.15530323260996295 
0.22676591810492408 0.5724904396017403 0.20074364229333577 
0.2580646071799107 0.5685481025627791 0.17338729025731017 
0.21224504623055565 0.5755099075388888 0.21224504623055565 
0.021428905611886845 0.9571421887762263 0.021428905611886845 
0.23985250200830038 0.5793355210307886 0.18081197696091114 
0.27600006879991745 0.5199997760002688 0.20400015519981377 
0.298039257208717 0.5372546620533387 0.16470608073794424 
0.27838833876739333 0.5238093144952588 0.19780234673734792 
0.29118778790675726 0.49042127537784447 0.21839093671539844 
0.24137941603898544 0.5632181265692032 0.19540245739181145 
0.24124524368259495 0.5408557888842932 0.21789896743311196 
0.30711613432644086 0.4868912132308466 0.20599265244271264 
0.2921348777510737 0.5280896688131063 0.17977545343582013 
0.2819549451635957 0.5187967833118986 0.19924827152450583 
0.03308856644643407 0.9485287332403677 0.018382700313198184 
0.2723577979376448 0.516259939520399 0.21138226254195625 
0.3062730926866133 0.45756443812054826 0.23616246919283856 
0.31178709682080213 0.46387817808572845 0.2243347250934695 
0.2633588587493984 0.49236623011500374 0.24427491113559796 
0.2969925221888848 0.4511276866980978 0.25187979111301756 
0.349999980769253 0.44999986538477077 0.20000015384597636 
0.29411769319487074 0.44705868973487484 0.2588236170702544 
0.31751826549095025 0.46350350711294847 0.21897822739610143 
0.3280000063999923 0.4279998864001363 0.24400010719987136 
0.3091603330225195 0.4770990720239634 0.21374059495351724 
0.0193802100230116 0.9651155444392895 0.015504245537698988 
0.32780083676244387 0.3983401680412846 0.27385899519627155 
0.2973978095935209 0.4200742527052944 0.28252793770118473 
0.401639260279598 0.3647540597286151 0.2336066799917869 
0.3423076819526747 0.43076911834332504 0.22692319970400038 
0.32699620494729476 0.4258554077694969 0.24714838728320845 
0.3520599040525423 0.3295880191894916 0.31835207675796623 
0.37959178009169786 0.37551015243654806 0.24489806747175413 
0.3498098671370337 0.3840303604216421 0.2661597724413242 
0.33203125152587715 0.36718746032719496 0.300781288146928 
0.3999999230770119 0.3423076819526747 0.25769239497031354 
