3.731339106709956E-7 0.9925365755187587 0.007463051347330583 
0.04428076278882348 0.9372687041305859 0.018450533080590685 
0.38211376164988414 0.32520326194724153 0.29268297640287433 
0.34399998720001534 0.3639999632000442 0.29200004959994047 
0.40310069406896043 0.2790698305389568 0.3178294753920829 
0.40562240286457485 0.3052209174045172 0.289156679730908 
0.3548386836628827 0.38306445597041616 0.26209686036670116 
0.3794465856364597 0.2964427314908322 0.32411068287270806 
0.39682532123969694 0.30555558862429927 0.2976190901360038 
0.39492746928173633 0.2789855663200366 0.32608696439822715 
0.4349592256594809 0.2804878693237366 0.2845529050167825 
0.3692307278106987 0.31538463609465067 0.31538463609465067 
0.05118143561247762 0.8976371287750448 0.05118143561247762 
0.401639260279598 0.2950820142434251 0.3032787254769769 
0.3984673580834965 0.2873563746861594 0.3141762672303442 
0.43014695204380293 0.27941182417813515 0.29044122377806203 
0.45075744232108833 0.24242434572991017 0.3068182119490016 
0.4377508782117933 0.24096396671008027 0.32128515507812644 
0.43089418996643497 0.24796758377936937 0.32113822625419564 
0.4328357095122655 0.21268670221637814 0.35447758827135645 
0.4182508537062506 0.2699620494729474 0.31178709682080213 
0.4257811416627247 0.23046887054429235 0.3437499877929831 
0.49553549705067357 0.20089303451825735 0.3035714684310691 
0.041509764328568684 0.9132068907091804 0.04528334496225099 
0.4243541427813918 0.21033223948460578 0.36531361773400256 
0.4249998854168099 0.20833348958313802 0.3666666250000521 
0.4498139964899668 0.2118960462125879 0.33828995729744543 
0.48979572678074274 0.18775528029965677 0.3224489929196005 
0.5062759335448532 0.1297073685681566 0.3640166978869901 
0.5117185409548348 0.15234396209691944 0.3359374969482458 
0.468253807634356 0.14682561885839027 0.3849205735072538 
0.4270071967074489 0.2043797032339016 0.3686131000586496 
0.4863811443021662 0.13229595451834106 0.3813229011794928 
0.5147677028256926 0.15189896384097404 0.3333333333333333 
0.051470899112978925 0.919117000973896 0.029412099913125097 
0.461224333194694 0.1510206314033085 0.38775503540199746 
0.47653414093775354 0.1444045367459891 0.37906132231625744 
0.4685037773577433 0.14566951298876418 0.38582670965349253 
0.4857140991255929 0.11428598250696019 0.3999999183674469 
0.5319997616002861 0.10800027039967551 0.3599999680000384 
0.4833331458335677 0.12500026041634113 0.39166659375009116 
0.5238092970524242 0.09920662792861754 0.3769840750189583 
0.4618472347222072 0.12449824357641336 0.41365452170137945 
0.5215684059979537 0.10588262053025035 0.37254897347179594 
0.5137252779702612 0.1019610565164041 0.3843136655133347 
0.04797079560428531 0.9151285072378149 0.03690069715789983 
0.48872162926132046 0.09774462660380459 0.4135337441348751 
0.5168064914203889 0.06722722618416867 0.41596628239544237 
0.5523009803753385 0.05439365557281727 0.3933053640518443 
0.5499997291670052 0.0541670156245638 0.395833255208431 
0.5384612893182721 0.024291873329708506 0.4372468373520194 
0.5685481025627791 0.040322935093223676 0.3911289623439972 
0.523147884516827 0.01851895576070959 0.45833315972246336 
0.575106984840792 0.02145962902193688 0.4034333861372711 
0.5819669074177368 0.00819712106911344 0.40983597151314977 
0.5182183989250215 0.00809756101510808 0.47368404005987036 
0.03597154391560009 0.9172655569076725 0.04676289917672751 
0.5643936768253673 0.00757612775440028 0.4280301954202325 
0.550561553676157 3.745314143841786E-7 0.44943807179242873 
0.5855510430976695 3.8022770316231585E-7 0.4144485766746274 
0.6168579116575729 3.831413220597831E-7 0.3831417052011052 
0.5691054035299957 4.0650356930459027E-7 0.43089418996643497 
0.6386550773255327 4.201675376039442E-7 0.3613445025069296 
0.6079996704003955 3.99999520000576E-7 0.39199992960008445 
0.6015034569509885 3.7593942563222676E-7 0.398496167109586 
0.5867765453183322 4.132226282364113E-7 0.4132230414590395 
0.5779464890344232 3.8022770316231585E-7 0.4220531307378737 
0.05860836050363315 0.9084242764568391 0.0329673630395278 
0.6118139934843965 4.219403941682774E-7 0.3881855845752094 
0.5909087716006963 4.132226282364113E-7 0.4090908151766754 
0.6315785851272245 4.048578078650107E-7 0.3684210100149676 
0.6075945895427136 4.219403941682774E-7 0.39240498851689215 
0.6455692250178586 4.219403941682774E-7 0.3544303530417472 
0.6115699030125169 4.132226282364113E-7 0.3884296837648548 
0.5643150651679687 4.149372428167102E-7 0.4356845198947885 
0.6472864566436551 3.8759644853126143E-7 0.3527131557598964 
0.6387829215403937 3.8022770316231585E-7 0.3612166982319032 
0.6095614228349527 3.984058983196434E-7 0.3904381787591489 
0.03018902242752178 0.8981125681744512 0.0716984093980271 
0.6138207961535006 4.0650356930459027E-7 0.3861787973429301 
0.5976092458853635 3.984058983196434E-7 0.4023903557087382 
0.627192595799216 4.3859591412818316E-7 0.3728069656048698 
0.6345377897135064 4.0160594184023074E-7 0.3654618086805518 
0.6887155384643521 3.8910460415804966E-7 0.3112840724310439 
0.6144064223647173 4.2372827492168443E-7 0.38559315390700777 
0.6404490931283598 3.745314143841786E-7 0.3595505323402259 
0.6592916027102619 4.4247728874696187E-7 0.34070795481244937 
0.6265556515904752 4.149372428167102E-7 0.373443933472282 
0.6562496215824748 3.906245422368646E-7 0.3437499877929831 
0.07142885204051568 0.8642851454087729 0.06428600255071155 
0.6742420368461703 3.787874483475966E-7 0.3257575843663814 
0.6742420368461703 3.787874483475966E-7 0.3257575843663814 
0.6626980205975945 3.9682492441477255E-7 0.33730158257748105 
0.675780848694318 3.906245422368646E-7 0.32421876068113986 
0.6823525305656503 3.921564013846258E-7 0.3176470772779483 
0.6484371307377375 3.906245422368646E-7 0.3515624786377204 
0.6342408938822252 3.8910460415804966E-7 0.36575871701317086 
0.6666662393167871 4.273498794659665E-7 0.3333333333333333 
0.685258543515685 3.984058983196434E-7 0.3147410580784166 
0.6758889218708436 3.952564483125119E-7 0.32411068287270806 
0.05154668225427946 0.8865973677690366 0.06185594997668387 
0.6235738134139011 3.8022770316231585E-7 0.37642580635839584 
0.7023805130390718 3.9682492441477255E-7 0.2976190901360038 
0.696497630547513 3.8910460415804966E-7 0.3035019803478829 
0.7119995456005452 3.99999520000576E-7 0.2880000543999347 
0.7044529905429264 4.048578078650107E-7 0.2955466045992657 
0.7076266428474879 4.2372827492168443E-7 0.29237293342423715 
0.7187495483403731 3.906245422368646E-7 0.28125006103508476 
0.6587297713534468 3.9682492441477255E-7 0.3412698318216288 
0.7061219925036827 4.08162765514981E-7 0.29387759933355184 
0.6988412754734261 3.860999388803797E-7 0.3011583384266351 
3.649631040549956E-7 0.989050376952142 0.010949258084753923 
0.0848711237589036 0.8487079165595021 0.06642095968159445 
0.7165349804704955 3.93700322401194E-7 0.2834646258291821 
0.7322170725308713 4.184095166407741E-7 0.26778250905961204 
0.7355366914834403 4.132226282364113E-7 0.26446289529393147 
0.6837940508370939 3.952564483125119E-7 0.3162055539064578 
0.73684165017859 3.7593942563222676E-7 0.26315797388198436 
0.7411759907733442 3.921564013846258E-7 0.2588236170702544 
0.7335902699726603 3.860999388803797E-7 0.2664093439274009 
0.7490191188010367 3.921564013846258E-7 0.2509804890425619 
0.7540317491551422 4.0322531867905E-7 0.2459678476195392 
0.7811153032850172 4.291839967588025E-7 0.21888426753098603 
0.07777806172807956 0.8481475761323228 0.07407436213959763 
0.7607838108425755 3.921564013846258E-7 0.23921579700102313 
0.7479995024005971 3.99999520000576E-7 0.2520000975998829 
0.7635653912030336 3.8759644853126143E-7 0.23643422120051802 
0.7358486009261123 3.773580633682302E-7 0.2641510217158245 
0.7520320097170613 4.0650356930459027E-7 0.24796758377936937 
0.7429713940103686 4.0160594184023074E-7 0.2570282043836895 
0.7707504694658465 3.952564483125119E-7 0.2292491352777052 
0.7283459901425313 3.93700322401194E-7 0.2716536161571463 
0.7769225650893481 3.8461494082891446E-7 0.22307705029571123 
0.7490342675278755 3.860999388803797E-7 0.2509653463721857 
0.0749066574082501 0.8576773134711835 0.06741602912056653 
0.7943542810230472 4.0322531867905E-7 0.20564531575163417 
0.7738089994337308 3.9682492441477255E-7 0.22619060374134475 
0.7782252682758851 4.0322531867905E-7 0.22177432849879616 
0.7791159287759895 4.0160594184023074E-7 0.22088366961806874 
0.748061533261783 3.8759644853126143E-7 0.25193807914176847 
0.7769225650893481 3.8461494082891446E-7 0.22307705029571123 
0.7959178009169785 4.08162765514981E-7 0.20408179092025602 
0.7799994640006431 3.99999520000576E-7 0.2200001359998368 
0.8352054286081327 3.745314143841786E-7 0.164794196860453 
0.7911641070311963 4.0160594184023074E-7 0.2088354913628618 
0.05426389039082513 0.8759683612770993 0.0697677483320756 
0.8038456109473721 3.8461494082891446E-7 0.1961540044376872 
0.7984184208477223 3.952564483125119E-7 0.20158118389582938 
0.7945731070855344 3.8759644853126143E-7 0.2054265053180171 
0.8529405215035443 4.201675376039442E-7 0.14705905832891808 
0.8023709853308474 3.952564483125119E-7 0.19762861941270427 
0.7954540203174012 3.787874483475966E-7 0.20454560089515053 
0.8326687258939531 3.984058983196434E-7 0.16733087570014857 
0.8253962396076513 3.9682492441477255E-7 0.17460336356742434 
0.8379440656789735 3.952564483125119E-7 0.1620555390645782 
0.8508058256381141 4.0322531867905E-7 0.14919377113656718 
0.06844136679692 0.8517104353112905 0.07984819789178949 
0.8389507427519745 3.745314143841786E-7 0.1610488827166112 
0.8326687258939531 3.984058983196434E-7 0.16733087570014857 
0.8255808229680354 3.8759644853126143E-7 0.1744187894355162 
0.8398431564338011 3.906245422368646E-7 0.16015645294165673 
0.8515618927009071 3.906245422368646E-7 0.1484377166745508 
0.7882347589394992 3.921564013846258E-7 0.21176484890409933 
0.8455592522479705 3.860999388803797E-7 0.15444036165209077 
0.8171200578365084 3.8910460415804966E-7 0.1828795530588875 
0.8623475356102807 4.048578078650107E-7 0.1376520595319115 
0.8505741181140406 3.831413220597831E-7 0.14942549874463748 
0.11278220362909366 0.8270671123303245 0.060150684040581916 
0.8814222749933498 3.952564483125119E-7 0.11857732975020187 
0.8719993536007756 3.99999520000576E-7 0.12800024639970434 
0.8486049618267388 3.984058983196434E-7 0.15139463976736284 
0.8157889295613577 3.7593942563222676E-7 0.18421069449921676 
0.880768599113155 3.8461494082891446E-7 0.11923101627190431 
0.8749993447588571 4.0322531867905E-7 0.12500025201582418 
0.8661411029829492 3.93700322401194E-7 0.13385850331672838 
0.8910499326265379 3.8910460415804966E-7 0.10894967826885806 
0.8947361602394814 4.048578078650107E-7 0.10526343490271065 
0.9042139032024102 3.831413220597831E-7 0.09578571365626784 
0.10526341511644913 0.8421046893556136 0.05263189552793738 
0.9068818944754318 4.048578078650107E-7 0.09311770066676033 
0.8841692461360084 3.860999388803797E-7 0.1158303677640528 
0.8910499326265379 3.8910460415804966E-7 0.10894967826885806 
0.9139337123765832 4.098355616775881E-7 0.08606587778785517 
0.9118767296436059 3.831413220597831E-7 0.08812288721507217 
0.8897332056275222 3.8022770316231585E-7 0.11026641414477474 
0.8988320247096988 3.8910460415804966E-7 0.10116758618569707 
0.8970582017740423 3.676466533308971E-7 0.10294143057930451 
0.8880590805308801 3.731339106709956E-7 0.11194054633520933 
0.920754051976545 3.773580633682302E-7 0.0792455706653917 
0.06959735941682116 0.8608052811663578 0.06959735941682116 
0.8992530978510099 3.731339106709956E-7 0.10074652901507947 
0.9254894994241183 3.921564013846258E-7 0.07451010841948029 
0.940944164239176 3.93700322401194E-7 0.0590554420605015 
0.9090902263752256 3.952564483125119E-7 0.09090937836832604 
0.9333326274518108 3.921564013846258E-7 0.06666698039178777 
0.9328056132739764 3.952564483125119E-7 0.06719399146957533 
0.9118767296436059 3.831413220597831E-7 0.08812288721507217 
0.9254894994241183 3.921564013846258E-7 0.07451010841948029 
0.9463594486289864 3.831413220597831E-7 0.05364016822969169 
0.9465641833234543 3.816789522760089E-7 0.05343543499759352 
0.08921960310081439 0.8475830696099597 0.06319732728922607 
0.9533066692918258 3.8910460415804966E-7 0.04669294160357011 
0.9651155444392895 3.8759644853126143E-7 0.03488406796426206 
0.9482064364066497 3.984058983196434E-7 0.051793165187451966 
0.9543719151651159 3.8022770316231585E-7 0.04562770460718106 
0.9651155444392895 3.8759644853126143E-7 0.03488406796426206 
0.9756089728345859 4.0650356930459027E-7 0.02439062066184472 
0.9501908618495841 3.831413220597831E-7 0.04980875500909386 
0.9652502333008881 3.860999388803797E-7 0.034749380599173055 
0.9607835755487346 3.921564013846258E-7 0.039216032294863964 
0.9619764692283622 3.8022770316231585E-7 0.03802315054393474 
0.10646413711315159 0.8479081582796675 0.04562770460718106 
0.9806194023805399 3.8759644853126143E-7 0.0193802100230116 
0.9689915089246021 3.8759644853126143E-7 0.031008103478949445 
0.9884162296337108 3.860999388803797E-7 0.011583384266350272 
0.9655165147319755 3.831413220597831E-7 0.03448310212670254 
0.9999992337173559 3.831413220597831E-7 3.831413220597831E-7 
0.984732078551055 3.816789522760089E-7 0.01526753976999263 
0.9727618994997282 3.8910460415804966E-7 0.027237711395667632 
0.9999992031882033 3.984058983196434E-7 3.984058983196434E-7 
0.9922472958364776 3.8759644853126143E-7 0.007752316567073761 
0.984732078551055 3.816789522760089E-7 0.01526753976999263 
3.703699588481939E-7 0.9925918600831184 0.0074077695469227265 
0.07954574294044363 0.8409085141191128 0.07954574294044363 
0.9999992395445937 3.8022770316231585E-7 3.8022770316231585E-7 
0.08029224785520309 0.8138680870057442 0.10583966513905277 
0.10622735579411452 0.8131862858758764 0.08058635833000917 
0.12075495763589704 0.7962258910650291 0.083019151299074 
0.09615411982216944 0.7923071627225046 0.11153871745532602 
0.11832085688451502 0.8015261814585709 0.08015296165691414 
0.10181843437988977 0.7854540522319431 0.11272751338816722 
0.12643701942105048 0.7739458537020839 0.09961712687686566 
0.13712394268500736 0.7391300276287349 0.12374602968625786 
0.17322853555684778 0.7125979772464835 0.11417348719666866 
3.623184467553115E-7 0.9746369840902347 0.025362653591318562 
0.15830136104089457 0.7413122687502679 0.1003863702088376 
0.1861315480311518 0.7153280489108954 0.09854040305795286 
0.15357162117326306 0.7178567308677885 0.12857164795894863 
0.16129050757293095 0.7419350445142892 0.09677444791278003 
0.1294120046133279 0.7372544267594979 0.13333356862717416 
0.19123522959932718 0.6693223075828993 0.13944246281777353 
0.16727290842955447 0.7018177798351494 0.1309093117352963 
0.16666685606039086 0.7007571582305021 0.13257598570910717 
0.1635689625624953 0.7063192866327659 0.1301117508047389 
0.16470608073794424 0.7019603506348816 0.13333356862717416 
0.0036104654038280827 0.9638982340452339 0.03249130055093803 
0.1562502075192881 0.7031245666508985 0.14062522582981352 
0.2037038477364655 0.6666662962967079 0.12962985596682672 
0.21232889144291978 0.6369859893979561 0.15068511915912416 
0.1788322859500519 0.6423354280998963 0.1788322859500519 
0.21804524280611717 0.6428567937705334 0.13909796342334954 
0.18888904938253775 0.6629625967082259 0.14814835390923642 
0.17200019359976768 0.6359996368004358 0.1920001695997965 
0.19047636054401523 0.6388885251327082 0.1706351143232766 
0.23178818034286724 0.5894037191353784 0.17880810052175447 
0.1750974609757265 0.6264588017990641 0.1984437372252095 
0.010949258084753923 0.9452548044655426 0.043795937449703524 
0.2490566991810953 0.5962261174798671 0.15471718333903775 
0.19918715546281854 0.6138207961535006 0.18699204838368083 
0.19540245739181145 0.6321835645399642 0.17241397806822448 
0.19367605492957915 0.5968376322083413 0.2094863128620796 
0.24409459358906269 0.5708658611820537 0.1850395452288836 
0.2671756482721585 0.5801523891384858 0.15267196258935584 
0.26136371814729004 0.587120923726223 0.151515358126487 
0.2304833860780081 0.55390309973632 0.21561351418567193 
0.2540323539931202 0.5766126089363601 0.1693550370705197 
0.2408164398166043 0.5551017692631397 0.20408179092025602 
0.025000330356788905 0.9535707640313242 0.021428905611886845 
0.23616246919283856 0.5793355210307886 0.18450200977637296 
0.2800000639999232 0.5039997952002457 0.21600014079983104 
0.3019608212225633 0.5215684059979537 0.176470772779483 
0.26373634021647596 0.5384613130461762 0.19780234673734792 
0.2873563746861594 0.4942526885984423 0.21839093671539844 
0.22988517637719194 0.5708809530103989 0.1992338706124093 
0.25291838180733645 0.5408557888842932 0.2062258293083705 
0.2921348777510737 0.5093630980938973 0.19850202415502907 
0.28838956360723195 0.5280896688131063 0.18352076757966193 
0.285714339419918 0.5263155718245431 0.18797008875553903 
0.03308856644643407 0.9448522667070588 0.022059166846507154 
0.23983751239327758 0.5365851179856285 0.22357736962109395 
0.3321033223948461 0.42066410996592996 0.24723256763922405 
0.30798481978917897 0.46387817808572845 0.22813700212509266 
0.2595420692266383 0.4999998091605239 0.2404581216128379 
0.2969925221888848 0.4473682924417755 0.2556391853693398 
0.3615384289941204 0.43076911834332504 0.20769245266255465 
0.298039257208717 0.4392155617071823 0.26274518108410067 
0.33211678965315006 0.45620424503184853 0.2116789653150015 
0.34399998720001534 0.41599990080011906 0.2400001119998656 
0.29007638540871905 0.4999998091605239 0.20992380543075717 
0.02713213899363683 0.9534876509833516 0.0193802100230116 
0.3195020919061097 0.4107882853257859 0.26970962276810445 
0.3308550213512773 0.39033450892062205 0.2788104697281007 
0.4180326827467015 0.3360655704111839 0.24590174684211455 
0.35384613017754213 0.42307681952674675 0.22307705029571123 
0.3193916508840485 0.42965768480112004 0.2509506643148316 
0.36329584648406765 0.322097390901808 0.31460676261412446 
0.3714285247813982 0.38367340774684766 0.24489806747175413 
0.3498098671370337 0.380228083390019 0.2699620494729474 
0.32812500610350853 0.37499995117193224 0.29687504272455933 
0.4269229689350359 0.3269230843195181 0.2461539467454461 
