3.731339106709956E-7 0.9888052364120488 0.011194390454040538 
0.02952063152697617 0.9483388025769713 0.022140565896052514 
0.36991865457074646 0.35365851179856284 0.2764228336306907 
0.3479999824000211 0.35599997280003265 0.29600004479994624 
0.4147285875248983 0.2635659725977063 0.3217054398773955 
0.38955816519096564 0.3012048579861149 0.3092369768229195 
0.35080643047609217 0.4072579750911592 0.24193559443274867 
0.3715414566702095 0.3122529894233327 0.3162055539064578 
0.4047618197279924 0.30158733938015153 0.29365084089185606 
0.3913042848141832 0.28260875078758974 0.32608696439822715 
0.4268291542733891 0.2886179407098284 0.2845529050167825 
0.36538457840240957 0.32307693491122896 0.3115384866863615 
0.03543342271642986 0.9015741319990567 0.06299244528451343 
0.4057376158963739 0.2950820142434251 0.29918036986020097 
0.3831417052011052 0.2988506143479529 0.318007680450942 
0.419117552443876 0.29044122377806203 0.29044122377806203 
0.4545453168045643 0.22727284779600632 0.3181818353994295 
0.4377508782117933 0.22489972903647104 0.33734939275173564 
0.4268291542733891 0.2520326194724153 0.32113822625419564 
0.42910437040555555 0.22761205864321796 0.3432835709512266 
0.4182508537062506 0.2661597724413242 0.3155893738524253 
0.4140624053956187 0.234375115966661 0.3515624786377204 
0.49107121731533393 0.21428587372427627 0.2946429089603898 
0.026415441793839478 0.9283012132439096 0.04528334496225099 
0.4391142740432391 0.2029521738536821 0.35793355210307887 
0.42083322395847006 0.21250015104147787 0.3666666250000521 
0.468401336355387 0.2044611102664198 0.3271375533781933 
0.49795898209104233 0.18775528029965677 0.3142857376093009 
0.4979077432120378 0.1380755589009721 0.3640166978869901 
0.4999998046877289 0.16406269836402537 0.3359374969482458 
0.468253807634356 0.1388891203700948 0.3928570719955492 
0.41605830358579904 0.2043797032339016 0.3795619931802995 
0.4863811443021662 0.13229595451834106 0.3813229011794928 
0.5105482988840099 0.14767955989929127 0.34177214121669885 
0.04411796604636098 0.919117000973896 0.03676503297974304 
0.4489794502292446 0.16734714202390774 0.38367340774684766 
0.483754349724531 0.14079443235260036 0.37545121792286873 
0.4803147870297791 0.12992150009271644 0.3897637128775045 
0.4816324714704431 0.10204109954151076 0.4163264289880461 
0.5359997568002919 0.10800027039967551 0.35599997280003265 
0.474999822916888 0.12500026041634113 0.3999999166667708 
0.5238092970524242 0.10317487717276526 0.37301582577481057 
0.4698793535590118 0.10843400590280412 0.4216866405381841 
0.509803713956415 0.11372574855794287 0.3764705374856422 
0.509803713956415 0.10980418454409661 0.38039210149948843 
0.04428076278882348 0.9225085728687386 0.033210664342437995 
0.49624041777396494 0.09774462660380459 0.40601495562223056 
0.5168064914203889 0.08403392768832643 0.3991595808912846 
0.5523009803753385 0.05020956040640953 0.397489459218252 
0.5458330677086654 0.05833367708290364 0.395833255208431 
0.5303641331609719 0.02834045140835861 0.4412954154306695 
0.5766126089363601 0.03629068190643318 0.3870967091572067 
0.5277775077164245 0.01851895576070959 0.45370353652286594 
0.566523304905616 0.02145962902193688 0.4120170660724471 
0.5860652630345127 0.00819712106911344 0.4057376158963739 
0.5222669770036716 0.01619471717240829 0.46153830582392 
0.0395686623359759 0.9028770832261692 0.057554254437854925 
0.5643936768253673 0.011364002237876246 0.42424232093675657 
0.5543068678199987 3.745314143841786E-7 0.44569275764858696 
0.5893533201292926 3.8022770316231585E-7 0.41064629964300425 
0.6168579116575729 3.831413220597831E-7 0.3831417052011052 
0.5691054035299957 4.0650356930459027E-7 0.43089418996643497 
0.6428567527015722 4.201675376039442E-7 0.3571428271308902 
0.6039996752003898 3.99999520000576E-7 0.3959999248000902 
0.5902252741820216 3.7593942563222676E-7 0.4097743498785528 
0.5909087716006963 4.132226282364113E-7 0.4090908151766754 
0.5893533201292926 3.8022770316231585E-7 0.41064629964300425 
0.05494536086590381 0.9047612768191098 0.04029336231498647 
0.6118139934843965 4.219403941682774E-7 0.3881855845752094 
0.5867765453183322 4.132226282364113E-7 0.4132230414590395 
0.6315785851272245 4.048578078650107E-7 0.3684210100149676 
0.6160333974260792 4.219403941682774E-7 0.3839661806335266 
0.637130417134493 4.219403941682774E-7 0.36286916092511273 
0.6115699030125169 4.132226282364113E-7 0.3884296837648548 
0.5601656927398015 4.149372428167102E-7 0.4398338923229556 
0.6434104921583426 3.8759644853126143E-7 0.35658912024520906 
0.6425851985720169 3.8022770316231585E-7 0.35741442120028005 
0.6095614228349527 3.984058983196434E-7 0.3904381787591489 
0.015094699892792574 0.9169804713428628 0.0679248287643448 
0.6097557604604548 4.0650356930459027E-7 0.390243833035976 
0.593625186902167 3.984058983196434E-7 0.40637441469193464 
0.6228066366579342 4.3859591412818316E-7 0.3771929247461516 
0.6345377897135064 4.0160594184023074E-7 0.3654618086805518 
0.6848244924227715 3.8910460415804966E-7 0.31517511847262436 
0.6186437051139342 4.2372827492168443E-7 0.3813558711577909 
0.6479397214160434 3.745314143841786E-7 0.3520599040525423 
0.6592916027102619 4.4247728874696187E-7 0.34070795481244937 
0.6307050240186423 4.149372428167102E-7 0.3692945610441149 
0.664062112427212 3.906245422368646E-7 0.3359374969482458 
0.06428600255071155 0.8607137206638708 0.07500027678541774 
0.6856056602965982 3.787874483475966E-7 0.31439396091595356 
0.6742420368461703 3.787874483475966E-7 0.3257575843663814 
0.6587297713534468 3.9682492441477255E-7 0.3412698318216288 
0.6718746032719494 3.906245422368646E-7 0.32812500610350853 
0.6823525305656503 3.921564013846258E-7 0.3176470772779483 
0.6523433761601061 3.906245422368646E-7 0.3476562332153517 
0.6381319399238056 3.8910460415804966E-7 0.36186767097159034 
0.6666662393167871 4.273498794659665E-7 0.3333333333333333 
0.685258543515685 3.984058983196434E-7 0.3147410580784166 
0.6758889218708436 3.952564483125119E-7 0.32411068287270806 
0.06185594997668387 0.8762881000466323 0.06185594997668387 
0.6349806445087706 3.8022770316231585E-7 0.36501897526352634 
0.6944440145507763 3.9682492441477255E-7 0.30555558862429927 
0.6926065845059326 3.8910460415804966E-7 0.3073930263894634 
0.7119995456005452 3.99999520000576E-7 0.2880000543999347 
0.7004044124642763 4.048578078650107E-7 0.2995951826779158 
0.6991520773490542 4.2372827492168443E-7 0.3008474989226709 
0.7187495483403731 3.906245422368646E-7 0.28125006103508476 
0.6666662698417423 3.9682492441477255E-7 0.3333333333333333 
0.7020403648485328 4.08162765514981E-7 0.29795922698870164 
0.7027022748622299 3.860999388803797E-7 0.2972973390378313 
0.010949258084753923 0.9744518527899422 0.014598889125303877 
0.07380102531251811 0.8560879821904257 0.07011099249705628 
0.7047239707984597 3.93700322401194E-7 0.29527563550121794 
0.7280329773644636 4.184095166407741E-7 0.2719666042260198 
0.7272722389187121 4.132226282364113E-7 0.2727273478586597 
0.6837940508370939 3.952564483125119E-7 0.3162055539064578 
0.7406010444349124 3.7593942563222676E-7 0.2593985796256621 
0.7411759907733442 3.921564013846258E-7 0.2588236170702544 
0.7335902699726603 3.860999388803797E-7 0.2664093439274009 
0.7529406828148829 3.921564013846258E-7 0.24705892502871565 
0.7540317491551422 4.0322531867905E-7 0.2459678476195392 
0.7768234633174292 4.291839967588025E-7 0.22317610749857403 
0.07777806172807956 0.8444438765438409 0.07777806172807956 
0.768626938870268 3.921564013846258E-7 0.23137266897333061 
0.7359995168005798 3.99999520000576E-7 0.26400008319990015 
0.7596894267177209 3.8759644853126143E-7 0.24031018568583062 
0.7283014396587476 3.773580633682302E-7 0.2716981829831891 
0.7560970454101072 4.0650356930459027E-7 0.24390254808632347 
0.7389553345919664 4.0160594184023074E-7 0.2610442638020918 
0.7667979049827214 3.952564483125119E-7 0.23320169976083033 
0.7440940030385791 3.93700322401194E-7 0.2559056032610985 
0.7807687144976372 3.8461494082891446E-7 0.2192309008874221 
0.7528952669166793 3.860999388803797E-7 0.2471043469833819 
0.06367071497672475 0.865167941758867 0.07116134326440832 
0.7903220278362566 4.0322531867905E-7 0.20967756893842468 
0.785713747166174 3.9682492441477255E-7 0.21428585600890157 
0.7782252682758851 4.0322531867905E-7 0.22177432849879616 
0.7710838099391848 4.0160594184023074E-7 0.22891578845487334 
0.748061533261783 3.8759644853126143E-7 0.25193807914176847 
0.7769225650893481 3.8461494082891446E-7 0.22307705029571123 
0.7959178009169785 4.08162765514981E-7 0.20408179092025602 
0.783999459200649 3.99999520000576E-7 0.21600014079983104 
0.8277148003204492 3.745314143841786E-7 0.17228482514813656 
0.7911641070311963 4.0160594184023074E-7 0.2088354913628618 
0.05426389039082513 0.8837202902477246 0.062015819361450356 
0.8038456109473721 3.8461494082891446E-7 0.1961540044376872 
0.7984184208477223 3.952564483125119E-7 0.20158118389582938 
0.7945731070855344 3.8759644853126143E-7 0.2054265053180171 
0.8571421968795837 4.201675376039442E-7 0.14285738295287864 
0.8063235498139726 3.952564483125119E-7 0.19367605492957915 
0.7992418948008772 3.787874483475966E-7 0.20075772641167455 
0.8326687258939531 3.984058983196434E-7 0.16733087570014857 
0.8293644888517989 3.9682492441477255E-7 0.1706351143232766 
0.8339915011958484 3.952564483125119E-7 0.16600810354770332 
0.8467735724513237 4.0322531867905E-7 0.1532260243233577 
0.05703453570205053 0.8593149893745369 0.08365047492341264 
0.8426960568958163 3.745314143841786E-7 0.15730356857276942 
0.8366527848771496 3.984058983196434E-7 0.16334681671695214 
0.8294567874533479 3.8759644853126143E-7 0.17054282495020356 
0.8359369110114325 3.906245422368646E-7 0.16406269836402537 
0.8515618927009071 3.906245422368646E-7 0.1484377166745508 
0.7999994509810381 3.921564013846258E-7 0.20000015686256056 
0.8494202516367743 3.860999388803797E-7 0.15057936226328697 
0.8171200578365084 3.8910460415804966E-7 0.1828795530588875 
0.8623475356102807 4.048578078650107E-7 0.1376520595319115 
0.8505741181140406 3.831413220597831E-7 0.14942549874463748 
0.11278220362909366 0.8270671123303245 0.060150684040581916 
0.8814222749933498 3.952564483125119E-7 0.11857732975020187 
0.8719993536007756 3.99999520000576E-7 0.12800024639970434 
0.8605571387763281 3.984058983196434E-7 0.13944246281777353 
0.8157889295613577 3.7593942563222676E-7 0.18421069449921676 
0.880768599113155 3.8461494082891446E-7 0.11923101627190431 
0.8709670915720666 4.0322531867905E-7 0.1290325052026147 
0.874015109430973 3.93700322401194E-7 0.1259844968687045 
0.8910499326265379 3.8910460415804966E-7 0.10894967826885806 
0.8906875821608313 4.048578078650107E-7 0.10931201298136074 
0.9042139032024102 3.831413220597831E-7 0.09578571365626784 
0.09398523234748232 0.8496234778682581 0.05639128978425965 
0.9068818944754318 4.048578078650107E-7 0.09311770066676033 
0.8841692461360084 3.860999388803797E-7 0.1158303677640528 
0.8871588865849573 3.8910460415804966E-7 0.11284072431043855 
0.9139337123765832 4.098355616775881E-7 0.08606587778785517 
0.9118767296436059 3.831413220597831E-7 0.08812288721507217 
0.8897332056275222 3.8022770316231585E-7 0.11026641414477474 
0.8988320247096988 3.8910460415804966E-7 0.10116758618569707 
0.8970582017740423 3.676466533308971E-7 0.10294143057930451 
0.89179041963759 3.731339106709956E-7 0.10820920722849937 
0.920754051976545 3.773580633682302E-7 0.0792455706653917 
0.0732603590545505 0.853479281890899 0.0732603590545505 
0.8992530978510099 3.731339106709956E-7 0.10074652901507947 
0.9254894994241183 3.921564013846258E-7 0.07451010841948029 
0.940944164239176 3.93700322401194E-7 0.0590554420605015 
0.9090902263752256 3.952564483125119E-7 0.09090937836832604 
0.9333326274518108 3.921564013846258E-7 0.06666698039178777 
0.9328056132739764 3.952564483125119E-7 0.06719399146957533 
0.9157081428642037 3.831413220597831E-7 0.08429147399447434 
0.9254894994241183 3.921564013846258E-7 0.07451010841948029 
0.9463594486289864 3.831413220597831E-7 0.05364016822969169 
0.9427473938006942 3.816789522760089E-7 0.057252224520353605 
0.08550213512773035 0.8513005375830437 0.06319732728922607 
0.9533066692918258 3.8910460415804966E-7 0.04669294160357011 
0.9612395799539769 3.8759644853126143E-7 0.038760032449574676 
0.9482064364066497 3.984058983196434E-7 0.051793165187451966 
0.9543719151651159 3.8022770316231585E-7 0.04562770460718106 
0.9651155444392895 3.8759644853126143E-7 0.03488406796426206 
0.9756089728345859 4.0650356930459027E-7 0.02439062066184472 
0.954022275070182 3.831413220597831E-7 0.04597734178849603 
0.9652502333008881 3.860999388803797E-7 0.034749380599173055 
0.9607835755487346 3.921564013846258E-7 0.039216032294863964 
0.9619764692283622 3.8022770316231585E-7 0.03802315054393474 
0.10266186008152843 0.8441058812480443 0.05323225867042738 
0.9806194023805399 3.8759644853126143E-7 0.0193802100230116 
0.9689915089246021 3.8759644853126143E-7 0.031008103478949445 
0.9884162296337108 3.860999388803797E-7 0.011583384266350272 
0.9655165147319755 3.831413220597831E-7 0.03448310212670254 
0.9999992337173559 3.831413220597831E-7 3.831413220597831E-7 
0.984732078551055 3.816789522760089E-7 0.01526753976999263 
0.9727618994997282 3.8910460415804966E-7 0.027237711395667632 
0.9960151442050069 3.984058983196434E-7 0.003984457389094754 
0.9922472958364776 3.8759644853126143E-7 0.007752316567073761 
0.984732078551055 3.816789522760089E-7 0.01526753976999263 
3.703699588481939E-7 0.9925918600831184 0.0074077695469227265 
0.0719699939734917 0.8409085141191128 0.08712149190739557 
0.9999992395445937 3.8022770316231585E-7 3.8022770316231585E-7 
0.07299298577410317 0.8102184559651943 0.11678855826070265 
0.10622735579411452 0.8131862858758764 0.08058635833000917 
0.13962286080430855 0.7735844072629352 0.08679273193275631 
0.09615411982216944 0.7846148639059264 0.11923101627190431 
0.08396975117967423 0.8282437081178915 0.08778654070243432 
0.10545479404931558 0.7636358942153882 0.1309093117352963 
0.12260560620045266 0.7739458537020839 0.1034485400974635 
0.14046842093469472 0.7290965928796728 0.1304349861856326 
0.14566951298876418 0.7401569998145672 0.11417348719666866 
3.623184467553115E-7 0.9746369840902347 0.025362653591318562 
0.131274365319268 0.7683392644718945 0.1003863702088376 
0.1861315480311518 0.7153280489108954 0.09854040305795286 
0.16071447066306718 0.7071424566330823 0.1321430727038507 
0.16129050757293095 0.734766593440939 0.10394289898613013 
0.13725513264102043 0.7411759907733442 0.12156887658563538 
0.16334681671695214 0.6892426024988815 0.1474105807841664 
0.18181834710725772 0.669090542810317 0.1490911100824254 
0.15530323260996295 0.7234844051313579 0.12121236225867928 
0.15613402661632722 0.7063192866327659 0.137546686750907 
0.16862764475179048 0.6862740945794965 0.14509826066871295 
3.610104393388744E-7 0.9675083384386226 0.03249130055093803 
0.1562502075192881 0.6953120758061613 0.1484377166745508 
0.21851864609039326 0.6407403991773343 0.14074095473227255 
0.21232889144291978 0.643835297429489 0.14383581112759133 
0.1861315480311518 0.6240872728971465 0.18978117907170178 
0.2142858485497949 0.6428567937705334 0.1428573576796718 
0.18148165020557386 0.659258897119744 0.15925945267468225 
0.17600018879977344 0.6399996320004416 0.18400017919978498 
0.17460336356742434 0.6626980205975945 0.16269861583498116 
0.23509943533168678 0.5894037191353784 0.17549684553293493 
0.171206414934146 0.6225677557574836 0.2062258293083705 
0.007299627044203967 0.9598533286277423 0.03284704432805366 
0.22264163474531917 0.6301883431830078 0.14717002207167315 
0.17479694130454312 0.6260159032326383 0.19918715546281854 
0.20306528383300712 0.6245207380987685 0.17241397806822448 
0.19762861941270427 0.6205530191070919 0.18181836148020378 
0.24015759036505074 0.5708658611820537 0.18897654845289552 
0.2557252797038782 0.5954195472295262 0.14885517306659574 
0.25757584366381403 0.587120923726223 0.15530323260996295 
0.1970261743202517 0.6022301833864127 0.20074364229333577 
0.2701613667402822 0.5564513430024076 0.17338729025731017 
0.24897969512690393 0.5469385139528401 0.20408179092025602 
0.021428905611886845 0.9571421887762263 0.021428905611886845 
0.23247243637737675 0.5830255538462504 0.18450200977637296 
0.27600006879991745 0.5239997712002745 0.200000159999808 
0.29411769319487074 0.5372546620533387 0.16862764475179048 
0.27106233949193465 0.5201463148575295 0.20879134565053595 
0.2758621350243659 0.49042127537784447 0.23371658959778976 
0.2490422424801811 0.5593867133486053 0.19157104417121362 
0.25291838180733645 0.5330736968011321 0.2140079213915315 
0.31835207675796623 0.48314589908700484 0.19850202415502907 
0.28838956360723195 0.5280896688131063 0.18352076757966193 
0.2932331279325625 0.5150373890555763 0.1917294830118613 
0.03676503297974304 0.9338228671071319 0.029412099913125097 
0.24390254808632347 0.5243900109064907 0.23170744100718577 
0.32841328957938426 0.42804417559685365 0.24354253482376223 
0.3193916508840485 0.44486679292761266 0.23574155618833897 
0.28625959588595895 0.4656487034556831 0.24809170065835806 
0.30075191644520705 0.43984950392913097 0.2593985796256621 
0.32307693491122896 0.45769216420134906 0.2192309008874221 
0.3098039492502558 0.43529399769333604 0.2549020530564082 
0.33941605173424994 0.44525535191019866 0.21532859635555146 
0.33599999680000386 0.41599990080011906 0.24800010239987713 
0.3091603330225195 0.48091586154672344 0.20992380543075717 
0.0193802100230116 0.9612395799539769 0.0193802100230116 
0.30290460219344123 0.4232364026102872 0.27385899519627155 
0.3122676814858571 0.40892184878604226 0.2788104697281007 
0.41393432712992567 0.3647540597286151 0.22131161314145925 
0.3423076819526747 0.4192306701184576 0.23846164792886781 
0.31178709682080213 0.4372622388643664 0.2509506643148316 
0.3595505323402259 0.3295880191894916 0.31086144847028263 
0.37959178009169786 0.3714285247813982 0.24897969512690393 
0.33840303604216426 0.39543719151651163 0.2661597724413242 
0.3359374969482458 0.3789061965943009 0.2851563064574534 
0.41538452071016846 0.3269230843195181 0.25769239497031354 
