3.731339106709956E-7 0.977611219091919 0.022388407774170404 
0.03690069715789983 0.9372687041305859 0.025830598711514344 
0.3861787973429301 0.3333333333333333 0.2804878693237366 
0.3599999680000384 0.33599999680000386 0.3040000351999578 
0.41085262303958564 0.27519386605364415 0.3139535109067703 
0.41365452170137945 0.3052209174045172 0.28112456089410337 
0.35887093684967314 0.3870967091572067 0.2540323539931202 
0.38339915011958486 0.30434786045708245 0.3122529894233327 
0.4206348167045833 0.28571434240356064 0.29365084089185606 
0.40579702268439566 0.2717391973849304 0.32246377993067404 
0.4227641185803432 0.29268297640287433 0.2845529050167825 
0.37307687721898786 0.3076923372780724 0.3192307855029398 
0.04330742916445374 0.8976371287750448 0.0590554420605015 
0.39754090466282216 0.29918036986020097 0.3032787254769769 
0.386973118421703 0.2873563746861594 0.3256705068921377 
0.41176461937725806 0.29779415684467997 0.29044122377806203 
0.45075744232108833 0.23484859676295824 0.31439396091595356 
0.4457829970485979 0.2088354913628618 0.34538151158854025 
0.4390242613525268 0.22764240531413987 0.3333333333333333 
0.42910437040555555 0.21268670221637814 0.3582089273780664 
0.4220531307378737 0.25855521837807793 0.3193916508840485 
0.421874896240356 0.23046887054429235 0.3476562332153517 
0.49553549705067357 0.1964287547829177 0.3080357481664087 
0.026415441793839478 0.9169804713428628 0.056604086863297896 
0.42804417559685365 0.20664220666914393 0.36531361773400256 
0.4374998697918294 0.19583350520811849 0.3666666250000521 
0.46096640040921893 0.20817857823950384 0.3308550213512773 
0.5020406097461921 0.17551039733420734 0.3224489929196005 
0.4853554577128146 0.13389146373456437 0.3807530785526211 
0.5156247863772035 0.14453147125218216 0.33984374237061443 
0.48015855536679913 0.13095262188179935 0.38888882275140146 
0.42335756566689897 0.20073007219335165 0.37591236213974955 
0.4863811443021662 0.12451386243518006 0.3891049932626538 
0.5021094910006443 0.15189896384097404 0.34599154515838165 
0.06617676524621481 0.8897052687074243 0.04411796604636098 
0.4489794502292446 0.17142876967905754 0.37959178009169786 
0.4801442453311423 0.13718432795921162 0.3826714267096462 
0.4724407805817552 0.13779550654074033 0.3897637128775045 
0.4734692161601435 0.11020435485181038 0.4163264289880461 
0.5279997664002803 0.11200026559968128 0.3599999680000384 
0.4833331458335677 0.1375002447913607 0.37916660937507163 
0.5277775462965718 0.10317487717276526 0.36904757653066284 
0.4698793535590118 0.10843400590280412 0.4216866405381841 
0.5137252779702612 0.10588262053025035 0.38039210149948843 
0.5176468419841075 0.09019636447486531 0.3921567935410272 
0.03690069715789983 0.9225085728687386 0.040590729973361654 
0.5037592062866095 0.09398523234748232 0.4022555613659083 
0.5168064914203889 0.06722722618416867 0.41596628239544237 
0.5481168852089306 0.05020956040640953 0.4016735543846598 
0.5458330677086654 0.0541670156245638 0.3999999166667708 
0.5384612893182721 0.024291873329708506 0.4372468373520194 
0.5766126089363601 0.03629068190643318 0.3870967091572067 
0.5092590149180348 0.041667071758696626 0.4490739133232685 
0.5708151448732041 0.03433514892470095 0.39484970620209503 
0.5819669074177368 0.00819712106911344 0.40983597151314977 
0.5182183989250215 0.00809756101510808 0.47368404005987036 
0.03597154391560009 0.8992799648057934 0.06474849127860653 
0.5681815513088433 0.00757612775440028 0.42424232093675657 
0.5468162395323152 3.745314143841786E-7 0.4531833859362705 
0.596957874192539 3.8022770316231585E-7 0.4030417455797579 
0.6168579116575729 3.831413220597831E-7 0.3831417052011052 
0.5691054035299957 4.0650356930459027E-7 0.43089418996643497 
0.6428567527015722 4.201675376039442E-7 0.3571428271308902 
0.6039996752003898 3.99999520000576E-7 0.3959999248000902 
0.5902252741820216 3.7593942563222676E-7 0.4097743498785528 
0.5826443190359681 4.132226282364113E-7 0.41735526774140363 
0.5817487660660464 3.8022770316231585E-7 0.4182508537062506 
0.06959735941682116 0.8717942800795457 0.05860836050363315 
0.6075945895427136 4.219403941682774E-7 0.39240498851689215 
0.5991732241654246 4.132226282364113E-7 0.40082636261194715 
0.6356271632058746 4.048578078650107E-7 0.36437243193631746 
0.6075945895427136 4.219403941682774E-7 0.39240498851689215 
0.6413498210761759 4.219403941682774E-7 0.35864975698343 
0.6115699030125169 4.132226282364113E-7 0.3884296837648548 
0.5684644375961357 4.149372428167102E-7 0.4315351474666214 
0.6472864566436551 3.8759644853126143E-7 0.3527131557598964 
0.6463874756036401 3.8022770316231585E-7 0.3536121441686569 
0.6095614228349527 3.984058983196434E-7 0.3904381787591489 
0.018868280526474875 0.9056597294418158 0.0754719900317094 
0.6097557604604548 4.0650356930459027E-7 0.390243833035976 
0.593625186902167 3.984058983196434E-7 0.40637441469193464 
0.6403504732230615 4.3859591412818316E-7 0.3596490881810243 
0.6345377897135064 4.0160594184023074E-7 0.3654618086805518 
0.6887155384643521 3.8910460415804966E-7 0.3112840724310439 
0.6186437051139342 4.2372827492168443E-7 0.3813558711577909 
0.6441944072722017 3.745314143841786E-7 0.3558052181963841 
0.6637163755977314 4.4247728874696187E-7 0.33628318192497975 
0.6307050240186423 4.149372428167102E-7 0.3692945610441149 
0.6718746032719494 3.906245422368646E-7 0.32812500610350853 
0.07500027678541774 0.8499994464291646 0.07500027678541774 
0.6856056602965982 3.787874483475966E-7 0.31439396091595356 
0.6818177858131222 3.787874483475966E-7 0.3181818353994295 
0.6626980205975945 3.9682492441477255E-7 0.33730158257748105 
0.6718746032719494 3.906245422368646E-7 0.32812500610350853 
0.6901956585933429 3.921564013846258E-7 0.3098039492502558 
0.6523433761601061 3.906245422368646E-7 0.3476562332153517 
0.6381319399238056 3.8910460415804966E-7 0.36186767097159034 
0.6581192417274678 4.273498794659665E-7 0.3418803309226527 
0.685258543515685 3.984058983196434E-7 0.3147410580784166 
0.6719363573877185 3.952564483125119E-7 0.3280632473558332 
0.07216521769908829 0.8591059871759583 0.06872879512495349 
0.6311783674771474 3.8022770316231585E-7 0.3688212522951495 
0.7023805130390718 3.9682492441477255E-7 0.2976190901360038 
0.6887155384643521 3.8910460415804966E-7 0.3112840724310439 
0.7159995408005511 3.99999520000576E-7 0.284000059199929 
0.7044529905429264 4.048578078650107E-7 0.2955466045992657 
0.7076266428474879 4.2372827492168443E-7 0.29237293342423715 
0.7187495483403731 3.906245422368646E-7 0.28125006103508476 
0.6626980205975945 3.9682492441477255E-7 0.33730158257748105 
0.7061219925036827 4.08162765514981E-7 0.29387759933355184 
0.6988412754734261 3.860999388803797E-7 0.3011583384266351 
0.0036499960036540107 0.9744518527899422 0.021898151206403788 
0.07749105812797993 0.8487079165595021 0.07380102531251811 
0.7125979772464835 3.93700322401194E-7 0.28740162905319405 
0.736401167697279 4.184095166407741E-7 0.2635984138932043 
0.7396689177658045 4.132226282364113E-7 0.2603306690115673 
0.687746615320219 3.952564483125119E-7 0.3122529894233327 
0.7443604386912346 3.7593942563222676E-7 0.2556391853693398 
0.7411759907733442 3.921564013846258E-7 0.2588236170702544 
0.7297292705838565 3.860999388803797E-7 0.2702703433162047 
0.7529406828148829 3.921564013846258E-7 0.24705892502871565 
0.7499994959683516 4.0322531867905E-7 0.2500001008063297 
0.7725316233498412 4.291839967588025E-7 0.22746794746616206 
0.05925956378566987 0.8555549753092868 0.08518546090504345 
0.7607838108425755 3.921564013846258E-7 0.23921579700102313 
0.7399995120005856 3.99999520000576E-7 0.2600000879998944 
0.7635653912030336 3.8759644853126143E-7 0.23643422120051802 
0.7320750202924299 3.773580633682302E-7 0.2679246023495068 
0.7520320097170613 4.0650356930459027E-7 0.24796758377936937 
0.7429713940103686 4.0160594184023074E-7 0.2570282043836895 
0.7628453404995962 3.952564483125119E-7 0.23715426424395544 
0.748031006262591 3.93700322401194E-7 0.2519686000370866 
0.7730764156810589 3.8461494082891446E-7 0.22692319970400038 
0.7490342675278755 3.860999388803797E-7 0.2509653463721857 
0.05992540083288296 0.8689132559027088 0.07116134326440832 
0.7903220278362566 4.0322531867905E-7 0.20967756893842468 
0.785713747166174 3.9682492441477255E-7 0.21428585600890157 
0.7862897746494661 4.0322531867905E-7 0.21370982212521517 
0.7831319881943917 4.0160594184023074E-7 0.21686761019966644 
0.7441855687764705 3.8759644853126143E-7 0.2558140436270811 
0.7769225650893481 3.8461494082891446E-7 0.22307705029571123 
0.7918361732618286 4.08162765514981E-7 0.20816341857540582 
0.783999459200649 3.99999520000576E-7 0.21600014079983104 
0.8314601144642909 3.745314143841786E-7 0.16853951100429476 
0.7831319881943917 4.0160594184023074E-7 0.21686761019966644 
0.05813985487613774 0.8720923967917867 0.0697677483320756 
0.8076917603556611 3.8461494082891446E-7 0.19230785502939807 
0.8023709853308474 3.952564483125119E-7 0.19762861941270427 
0.8023250360561597 3.8759644853126143E-7 0.19767457634739188 
0.8529405215035443 4.201675376039442E-7 0.14705905832891808 
0.8063235498139726 3.952564483125119E-7 0.19367605492957915 
0.7992418948008772 3.787874483475966E-7 0.20075772641167455 
0.8326687258939531 3.984058983196434E-7 0.16733087570014857 
0.8333327380959467 3.9682492441477255E-7 0.16666686507912887 
0.8300389367127232 3.952564483125119E-7 0.16996066803082843 
0.8467735724513237 4.0322531867905E-7 0.1532260243233577 
0.07604592086016633 0.8479081582796675 0.07604592086016633 
0.8426960568958163 3.745314143841786E-7 0.15730356857276942 
0.8366527848771496 3.984058983196434E-7 0.16334681671695214 
0.8255808229680354 3.8759644853126143E-7 0.1744187894355162 
0.8281244201666952 3.906245422368646E-7 0.17187518920876266 
0.8515618927009071 3.906245422368646E-7 0.1484377166745508 
0.7999994509810381 3.921564013846258E-7 0.20000015686256056 
0.8532812510255781 3.860999388803797E-7 0.14671836287448317 
0.821011103878089 3.8910460415804966E-7 0.178988507017307 
0.8542503794529804 4.048578078650107E-7 0.14574921568921173 
0.8467427048934427 3.831413220597831E-7 0.1532569119652353 
0.1203009921417382 0.8045107467923909 0.07518826106587098 
0.8814222749933498 3.952564483125119E-7 0.11857732975020187 
0.8759993488007815 3.99999520000576E-7 0.12400025119969856 
0.8605571387763281 3.984058983196434E-7 0.13944246281777353 
0.8157889295613577 3.7593942563222676E-7 0.18421069449921676 
0.8846147485214441 3.8461494082891446E-7 0.11538486686361517 
0.8669348383852761 4.0322531867905E-7 0.13306475838940518 
0.8700781062069611 3.93700322401194E-7 0.12992150009271644 
0.8871588865849573 3.8910460415804966E-7 0.11284072431043855 
0.8947361602394814 4.048578078650107E-7 0.10526343490271065 
0.908045316423008 3.831413220597831E-7 0.09195430043567 
0.10526341511644913 0.8270671123303245 0.06766947255322645 
0.9068818944754318 4.048578078650107E-7 0.09311770066676033 
0.8841692461360084 3.860999388803797E-7 0.1158303677640528 
0.8949409786681184 3.8910460415804966E-7 0.10505863222727756 
0.9139337123765832 4.098355616775881E-7 0.08606587778785517 
0.9195395560848015 3.831413220597831E-7 0.0804600607738765 
0.8897332056275222 3.8022770316231585E-7 0.11026641414477474 
0.8988320247096988 3.8910460415804966E-7 0.10116758618569707 
0.8933817352407333 3.676466533308971E-7 0.10661789711261349 
0.8843277414241701 3.731339106709956E-7 0.1156718854419193 
0.9245276326102273 3.773580633682302E-7 0.0754719900317094 
0.06959735941682116 0.8571422815286285 0.0732603590545505 
0.8992530978510099 3.731339106709956E-7 0.10074652901507947 
0.9294110634379645 3.921564013846258E-7 0.07058854440563403 
0.940944164239176 3.93700322401194E-7 0.0590554420605015 
0.9090902263752256 3.952564483125119E-7 0.09090937836832604 
0.937254191465657 3.921564013846258E-7 0.06274541637794151 
0.9328056132739764 3.952564483125119E-7 0.06719399146957533 
0.9118767296436059 3.831413220597831E-7 0.08812288721507217 
0.9294110634379645 3.921564013846258E-7 0.07058854440563403 
0.9463594486289864 3.831413220597831E-7 0.05364016822969169 
0.9427473938006942 3.816789522760089E-7 0.057252224520353605 
0.10408947499315058 0.8252782617714554 0.07063226323539416 
0.9533066692918258 3.8910460415804966E-7 0.04669294160357011 
0.9612395799539769 3.8759644853126143E-7 0.038760032449574676 
0.9442223774234533 3.984058983196434E-7 0.0557772241706484 
0.9543719151651159 3.8022770316231585E-7 0.04562770460718106 
0.9689915089246021 3.8759644853126143E-7 0.031008103478949445 
0.9756089728345859 4.0650356930459027E-7 0.02439062066184472 
0.954022275070182 3.831413220597831E-7 0.04597734178849603 
0.9613892339120843 3.860999388803797E-7 0.038610379987976846 
0.9647051395625809 3.921564013846258E-7 0.035294468281017705 
0.9657787462599854 3.8022770316231585E-7 0.03422087351231159 
0.10266186008152843 0.8403036042164211 0.05703453570205053 
0.9806194023805399 3.8759644853126143E-7 0.0193802100230116 
0.9689915089246021 3.8759644853126143E-7 0.031008103478949445 
0.9884162296337108 3.860999388803797E-7 0.011583384266350272 
0.9655165147319755 3.831413220597831E-7 0.03448310212670254 
0.9999992337173559 3.831413220597831E-7 3.831413220597831E-7 
0.984732078551055 3.816789522760089E-7 0.01526753976999263 
0.9649798074165673 3.8910460415804966E-7 0.035019803478828625 
0.9999992031882033 3.984058983196434E-7 3.984058983196434E-7 
0.9922472958364776 3.8759644853126143E-7 0.007752316567073761 
0.984732078551055 3.816789522760089E-7 0.01526753976999263 
3.703699588481939E-7 0.9851844609061545 0.014815168723886604 
0.08712149190739557 0.818181267218257 0.0946972408743475 
0.9999992395445937 3.8022770316231585E-7 3.8022770316231585E-7 
0.08394187889575304 0.7956199318029944 0.12043818930125261 
0.10256435615638518 0.8058602866004178 0.09157535724319718 
0.13962286080430855 0.7698108266292529 0.09056631256643861 
0.10769256804703688 0.7653841168644806 0.12692331508848262 
0.11832085688451502 0.7709918652764902 0.11068727783899485 
0.11272751338816722 0.7636358942153882 0.12363659239644467 
0.11877419297985482 0.7701144404814861 0.11111136653865916 
0.15384633393344424 0.7090297233815485 0.13712394268500736 
0.14960651621277612 0.7322829933665432 0.1181104904206806 
3.623184467553115E-7 0.9818833530253409 0.01811628465621233 
0.14285736348567937 0.7567562663054831 0.1003863702088376 
0.19343081011225172 0.6970798937081456 0.10948929617960274 
0.1571430459181651 0.7142853061228863 0.12857164795894863 
0.164874733109606 0.7204296912942388 0.11469557559615529 
0.11764731257178912 0.7568622468287292 0.12549044059948167 
0.17529899366654145 0.6653382485997028 0.15936275773375572 
0.18909106644610935 0.6618178234714653 0.1490911100824254 
0.1742426050273428 0.6893935347800741 0.13636386019258315 
0.1710038985086634 0.6988843506865978 0.1301117508047389 
0.160784516724098 0.6862740945794965 0.15294138869640547 
0.0036104654038280827 0.9602881296518451 0.03610140494432678 
0.1484377166745508 0.7031245666508985 0.1484377166745508 
0.2037038477364655 0.6629625967082259 0.13333355555530865 
0.22602750750598546 0.6198627193191241 0.1541097731748906 
0.20073007219335165 0.6204376418565966 0.1788322859500519 
0.2255640313187617 0.6240598224889221 0.15037614619231635 
0.17407425102861 0.6703699958851899 0.1555557530862003 
0.16400020319975617 0.6519996176004589 0.18400017919978498 
0.16666686507912887 0.6507932728651513 0.1825398620557198 
0.2218544153764086 0.5894037191353784 0.18874186548821312 
0.1750974609757265 0.6108946176327421 0.2140079213915315 
0.018248520165853835 0.9489044355060925 0.03284704432805366 
0.2339623766463661 0.6113204400145963 0.15471718333903775 
0.19512211976977265 0.6138207961535006 0.19105708407672675 
0.18007680450942012 0.6436778042017577 0.1762453912888223 
0.1857709259633289 0.6166004546239668 0.19762861941270427 
0.2362205871410388 0.5669288579580418 0.1968505549009194 
0.2633588587493984 0.587785968184006 0.14885517306659574 
0.25000009469686213 0.5757573002757952 0.1742426050273428 
0.22304845013184002 0.5724904396017403 0.2044611102664198 
0.2580646071799107 0.5645158493759886 0.17741954344410069 
0.24897969512690393 0.5510201416079898 0.20000016326510622 
0.021428905611886845 0.9464279145415201 0.032143179846593026 
0.23616246919283856 0.5756454882153268 0.1881920425918348 
0.2680000783999059 0.5239997712002745 0.20800015039981953 
0.298039257208717 0.5176468419841075 0.18431390080717552 
0.25641034094101733 0.5421243126839055 0.20146534637507726 
0.2873563746861594 0.48275844893664877 0.22988517637719194 
0.2375480028183876 0.5593867133486053 0.20306528383300712 
0.26070047389049744 0.5291826507595517 0.210116875349951 
0.30711613432644086 0.4868912132308466 0.20599265244271264 
0.2771536211757066 0.5318349829569481 0.1910113958673455 
0.27819555090727344 0.5300749660808654 0.1917294830118613 
0.025735633379816127 0.9338228671071319 0.04044149951305201 
0.2520326194724153 0.5081298681343072 0.23983751239327758 
0.32472325676392244 0.42804417559685365 0.24723256763922405 
0.31178709682080213 0.45627362402248217 0.23193927915671583 
0.2633588587493984 0.49618301963776384 0.2404581216128379 
0.3157894934704961 0.4248119269038419 0.2593985796256621 
0.3615384289941204 0.4423075665681925 0.1961540044376872 
0.30588238523640954 0.4313724336794898 0.26274518108410067 
0.33211678965315006 0.44890498295074865 0.21897822739610143 
0.32400001119998656 0.4279998864001363 0.24800010239987713 
0.3015267539769993 0.49236623011500374 0.20610701590799707 
0.015504245537698988 0.9651155444392895 0.0193802100230116 
0.34024895404694516 0.3983401680412846 0.26141087791177026 
0.301115277566605 0.42379172067837845 0.27509300175501666 
0.40983597151314977 0.34836063726151156 0.24180339122533867 
0.36538457840240957 0.40769222189359017 0.22692319970400038 
0.3193916508840485 0.4258554077694969 0.25475294134645476 
0.3558052181963841 0.32584270504564977 0.31835207675796623 
0.37959178009169786 0.3632652694710986 0.25714295043720353 
0.34220531307378743 0.3726235293267727 0.28517115759944 
0.3515624786377204 0.3476562332153517 0.300781288146928 
0.39615377366872273 0.33846153254438555 0.26538469378689183 
